[2022-12-25 09:10:02,906 INFO] confusion matrix
[2022-12-25 09:10:02,906 INFO] [[0. 1. 0. 0. 0. 0. 0. 0. 0. 0.]
 [0. 1. 0. 0. 0. 0. 0. 0. 0. 0.]
 [0. 1. 0. 0. 0. 0. 0. 0. 0. 0.]
 [0. 1. 0. 0. 0. 0. 0. 0. 0. 0.]
 [0. 1. 0. 0. 0. 0. 0. 0. 0. 0.]
 [0. 1. 0. 0. 0. 0. 0. 0. 0. 0.]
 [0. 1. 0. 0. 0. 0. 0. 0. 0. 0.]
 [0. 1. 0. 0. 0. 0. 0. 0. 0. 0.]
 [0. 1. 0. 0. 0. 0. 0. 0. 0. 0.]
 [0. 1. 0. 0. 0. 0. 0. 0. 0. 0.]]
[2022-12-25 09:10:02,907 INFO] evaluation metric
[2022-12-25 09:10:02,908 INFO] acc: 0.1000
[2022-12-25 09:10:02,908 INFO] precision: 0.0100
[2022-12-25 09:10:02,909 INFO] recall: 0.1000
[2022-12-25 09:10:02,909 INFO] f1: 0.0182
[2022-12-25 09:22:02,509 INFO] confusion matrix
[2022-12-25 09:22:02,509 INFO] [[0. 1. 0. 0. 0. 0. 0. 0. 0. 0.]
 [0. 1. 0. 0. 0. 0. 0. 0. 0. 0.]
 [0. 1. 0. 0. 0. 0. 0. 0. 0. 0.]
 [0. 1. 0. 0. 0. 0. 0. 0. 0. 0.]
 [0. 1. 0. 0. 0. 0. 0. 0. 0. 0.]
 [0. 1. 0. 0. 0. 0. 0. 0. 0. 0.]
 [0. 1. 0. 0. 0. 0. 0. 0. 0. 0.]
 [0. 1. 0. 0. 0. 0. 0. 0. 0. 0.]
 [0. 1. 0. 0. 0. 0. 0. 0. 0. 0.]
 [0. 1. 0. 0. 0. 0. 0. 0. 0. 0.]]
[2022-12-25 09:22:02,510 INFO] evaluation metric
[2022-12-25 09:22:02,511 INFO] acc: 0.1000
[2022-12-25 09:22:02,511 INFO] precision: 0.0100
[2022-12-25 09:22:02,511 INFO] recall: 0.1000
[2022-12-25 09:22:02,512 INFO] f1: 0.0182
[2022-12-25 09:34:02,142 INFO] confusion matrix
[2022-12-25 09:34:02,143 INFO] [[0. 1. 0. 0. 0. 0. 0. 0. 0. 0.]
 [0. 1. 0. 0. 0. 0. 0. 0. 0. 0.]
 [0. 1. 0. 0. 0. 0. 0. 0. 0. 0.]
 [0. 1. 0. 0. 0. 0. 0. 0. 0. 0.]
 [0. 1. 0. 0. 0. 0. 0. 0. 0. 0.]
 [0. 1. 0. 0. 0. 0. 0. 0. 0. 0.]
 [0. 1. 0. 0. 0. 0. 0. 0. 0. 0.]
 [0. 1. 0. 0. 0. 0. 0. 0. 0. 0.]
 [0. 1. 0. 0. 0. 0. 0. 0. 0. 0.]
 [0. 1. 0. 0. 0. 0. 0. 0. 0. 0.]]
[2022-12-25 09:34:02,144 INFO] evaluation metric
[2022-12-25 09:34:02,144 INFO] acc: 0.1000
[2022-12-25 09:34:02,145 INFO] precision: 0.0100
[2022-12-25 09:34:02,145 INFO] recall: 0.1000
[2022-12-25 09:34:02,145 INFO] f1: 0.0182
[2022-12-25 09:50:36,934 INFO] confusion matrix
[2022-12-25 09:50:36,934 INFO] confusion matrix
[2022-12-25 09:50:36,935 INFO] [[0.201 0.068 0.119 0.116 0.017 0.038 0.082 0.028 0.197 0.134]
 [0.068 0.161 0.012 0.073 0.008 0.021 0.203 0.009 0.114 0.331]
 [0.047 0.074 0.089 0.075 0.124 0.094 0.161 0.152 0.083 0.101]
 [0.013 0.101 0.048 0.066 0.073 0.071 0.348 0.146 0.035 0.099]
 [0.015 0.061 0.066 0.077 0.277 0.082 0.118 0.187 0.057 0.06 ]
 [0.012 0.063 0.046 0.072 0.074 0.054 0.36  0.164 0.046 0.109]
 [0.004 0.048 0.043 0.053 0.308 0.043 0.217 0.229 0.027 0.028]
 [0.021 0.11  0.038 0.096 0.038 0.068 0.305 0.106 0.057 0.161]
 [0.133 0.093 0.077 0.103 0.004 0.025 0.102 0.013 0.205 0.245]
 [0.082 0.134 0.011 0.067 0.011 0.034 0.196 0.019 0.107 0.339]]
[2022-12-25 09:50:36,935 INFO] [[0.201 0.068 0.119 0.116 0.017 0.038 0.082 0.028 0.197 0.134]
 [0.068 0.161 0.012 0.073 0.008 0.021 0.203 0.009 0.114 0.331]
 [0.047 0.074 0.089 0.075 0.124 0.094 0.161 0.152 0.083 0.101]
 [0.013 0.101 0.048 0.066 0.073 0.071 0.348 0.146 0.035 0.099]
 [0.015 0.061 0.066 0.077 0.277 0.082 0.118 0.187 0.057 0.06 ]
 [0.012 0.063 0.046 0.072 0.074 0.054 0.36  0.164 0.046 0.109]
 [0.004 0.048 0.043 0.053 0.308 0.043 0.217 0.229 0.027 0.028]
 [0.021 0.11  0.038 0.096 0.038 0.068 0.305 0.106 0.057 0.161]
 [0.133 0.093 0.077 0.103 0.004 0.025 0.102 0.013 0.205 0.245]
 [0.082 0.134 0.011 0.067 0.011 0.034 0.196 0.019 0.107 0.339]]
[2022-12-25 09:50:36,937 INFO] evaluation metric
[2022-12-25 09:50:36,937 INFO] evaluation metric
[2022-12-25 09:50:36,937 INFO] acc: 0.1715
[2022-12-25 09:50:36,937 INFO] acc: 0.1715
[2022-12-25 09:50:36,938 INFO] precision: 0.1793
[2022-12-25 09:50:36,938 INFO] precision: 0.1793
[2022-12-25 09:50:36,938 INFO] recall: 0.1715
[2022-12-25 09:50:36,938 INFO] recall: 0.1715
[2022-12-25 09:50:36,938 INFO] f1: 0.1682
[2022-12-25 09:50:36,938 INFO] f1: 0.1682
[2022-12-25 10:02:39,069 INFO] confusion matrix
[2022-12-25 10:02:39,069 INFO] confusion matrix
[2022-12-25 10:02:39,070 INFO] [[0.236 0.029 0.232 0.065 0.019 0.024 0.016 0.06  0.136 0.183]
 [0.035 0.097 0.064 0.135 0.015 0.058 0.054 0.179 0.061 0.302]
 [0.054 0.033 0.176 0.092 0.132 0.04  0.096 0.206 0.064 0.107]
 [0.019 0.055 0.115 0.151 0.067 0.059 0.099 0.311 0.019 0.105]
 [0.018 0.017 0.112 0.09  0.271 0.031 0.116 0.257 0.019 0.069]
 [0.019 0.031 0.117 0.185 0.065 0.051 0.064 0.348 0.023 0.097]
 [0.006 0.025 0.085 0.073 0.288 0.035 0.132 0.306 0.007 0.043]
 [0.009 0.077 0.094 0.173 0.038 0.042 0.05  0.286 0.038 0.193]
 [0.13  0.039 0.167 0.107 0.003 0.015 0.015 0.078 0.113 0.333]
 [0.03  0.124 0.057 0.123 0.011 0.011 0.016 0.17  0.075 0.383]]
[2022-12-25 10:02:39,070 INFO] [[0.236 0.029 0.232 0.065 0.019 0.024 0.016 0.06  0.136 0.183]
 [0.035 0.097 0.064 0.135 0.015 0.058 0.054 0.179 0.061 0.302]
 [0.054 0.033 0.176 0.092 0.132 0.04  0.096 0.206 0.064 0.107]
 [0.019 0.055 0.115 0.151 0.067 0.059 0.099 0.311 0.019 0.105]
 [0.018 0.017 0.112 0.09  0.271 0.031 0.116 0.257 0.019 0.069]
 [0.019 0.031 0.117 0.185 0.065 0.051 0.064 0.348 0.023 0.097]
 [0.006 0.025 0.085 0.073 0.288 0.035 0.132 0.306 0.007 0.043]
 [0.009 0.077 0.094 0.173 0.038 0.042 0.05  0.286 0.038 0.193]
 [0.13  0.039 0.167 0.107 0.003 0.015 0.015 0.078 0.113 0.333]
 [0.03  0.124 0.057 0.123 0.011 0.011 0.016 0.17  0.075 0.383]]
[2022-12-25 10:02:39,071 INFO] evaluation metric
[2022-12-25 10:02:39,071 INFO] evaluation metric
[2022-12-25 10:02:39,072 INFO] acc: 0.1896
[2022-12-25 10:02:39,072 INFO] acc: 0.1896
[2022-12-25 10:02:39,072 INFO] precision: 0.2062
[2022-12-25 10:02:39,072 INFO] precision: 0.2062
[2022-12-25 10:02:39,073 INFO] recall: 0.1896
[2022-12-25 10:02:39,073 INFO] recall: 0.1896
[2022-12-25 10:02:39,073 INFO] f1: 0.1841
[2022-12-25 10:02:39,073 INFO] f1: 0.1841
[2022-12-25 10:14:40,355 INFO] confusion matrix
[2022-12-25 10:14:40,355 INFO] confusion matrix
[2022-12-25 10:14:40,356 INFO] [[0.061 0.025 0.103 0.    0.002 0.    0.372 0.236 0.193 0.008]
 [0.015 0.056 0.006 0.    0.008 0.    0.415 0.368 0.11  0.022]
 [0.072 0.022 0.108 0.    0.019 0.001 0.267 0.382 0.121 0.008]
 [0.052 0.034 0.065 0.001 0.015 0.    0.282 0.436 0.094 0.021]
 [0.065 0.02  0.154 0.    0.043 0.    0.194 0.432 0.085 0.007]
 [0.048 0.029 0.057 0.001 0.017 0.    0.271 0.471 0.095 0.011]
 [0.034 0.037 0.041 0.002 0.021 0.    0.219 0.574 0.06  0.012]
 [0.033 0.047 0.047 0.003 0.014 0.    0.331 0.428 0.076 0.021]
 [0.039 0.043 0.052 0.001 0.001 0.    0.44  0.219 0.19  0.015]
 [0.006 0.039 0.008 0.001 0.001 0.    0.413 0.411 0.096 0.025]]
[2022-12-25 10:14:40,356 INFO] [[0.061 0.025 0.103 0.    0.002 0.    0.372 0.236 0.193 0.008]
 [0.015 0.056 0.006 0.    0.008 0.    0.415 0.368 0.11  0.022]
 [0.072 0.022 0.108 0.    0.019 0.001 0.267 0.382 0.121 0.008]
 [0.052 0.034 0.065 0.001 0.015 0.    0.282 0.436 0.094 0.021]
 [0.065 0.02  0.154 0.    0.043 0.    0.194 0.432 0.085 0.007]
 [0.048 0.029 0.057 0.001 0.017 0.    0.271 0.471 0.095 0.011]
 [0.034 0.037 0.041 0.002 0.021 0.    0.219 0.574 0.06  0.012]
 [0.033 0.047 0.047 0.003 0.014 0.    0.331 0.428 0.076 0.021]
 [0.039 0.043 0.052 0.001 0.001 0.    0.44  0.219 0.19  0.015]
 [0.006 0.039 0.008 0.001 0.001 0.    0.413 0.411 0.096 0.025]]
[2022-12-25 10:14:40,357 INFO] evaluation metric
[2022-12-25 10:14:40,357 INFO] evaluation metric
[2022-12-25 10:14:40,358 INFO] acc: 0.1131
[2022-12-25 10:14:40,358 INFO] acc: 0.1131
[2022-12-25 10:14:40,358 INFO] precision: 0.1400
[2022-12-25 10:14:40,358 INFO] precision: 0.1400
[2022-12-25 10:14:40,358 INFO] recall: 0.1131
[2022-12-25 10:14:40,358 INFO] recall: 0.1131
[2022-12-25 10:14:40,359 INFO] f1: 0.0877
[2022-12-25 10:14:40,359 INFO] f1: 0.0877
[2022-12-25 10:26:41,188 INFO] confusion matrix
[2022-12-25 10:26:41,188 INFO] confusion matrix
[2022-12-25 10:26:41,189 INFO] [[0.254 0.098 0.079 0.023 0.04  0.087 0.061 0.039 0.021 0.298]
 [0.099 0.119 0.017 0.018 0.079 0.045 0.087 0.126 0.013 0.397]
 [0.109 0.046 0.083 0.016 0.156 0.314 0.072 0.072 0.022 0.11 ]
 [0.054 0.079 0.07  0.011 0.157 0.263 0.093 0.108 0.017 0.148]
 [0.059 0.041 0.088 0.011 0.272 0.338 0.051 0.072 0.007 0.061]
 [0.049 0.064 0.062 0.013 0.183 0.311 0.079 0.1   0.013 0.126]
 [0.022 0.032 0.028 0.008 0.392 0.257 0.069 0.116 0.004 0.072]
 [0.056 0.075 0.064 0.012 0.136 0.242 0.089 0.137 0.006 0.183]
 [0.179 0.13  0.055 0.014 0.029 0.08  0.082 0.061 0.017 0.353]
 [0.08  0.106 0.01  0.01  0.103 0.048 0.096 0.149 0.009 0.389]]
[2022-12-25 10:26:41,189 INFO] [[0.254 0.098 0.079 0.023 0.04  0.087 0.061 0.039 0.021 0.298]
 [0.099 0.119 0.017 0.018 0.079 0.045 0.087 0.126 0.013 0.397]
 [0.109 0.046 0.083 0.016 0.156 0.314 0.072 0.072 0.022 0.11 ]
 [0.054 0.079 0.07  0.011 0.157 0.263 0.093 0.108 0.017 0.148]
 [0.059 0.041 0.088 0.011 0.272 0.338 0.051 0.072 0.007 0.061]
 [0.049 0.064 0.062 0.013 0.183 0.311 0.079 0.1   0.013 0.126]
 [0.022 0.032 0.028 0.008 0.392 0.257 0.069 0.116 0.004 0.072]
 [0.056 0.075 0.064 0.012 0.136 0.242 0.089 0.137 0.006 0.183]
 [0.179 0.13  0.055 0.014 0.029 0.08  0.082 0.061 0.017 0.353]
 [0.08  0.106 0.01  0.01  0.103 0.048 0.096 0.149 0.009 0.389]]
[2022-12-25 10:26:41,191 INFO] evaluation metric
[2022-12-25 10:26:41,191 INFO] evaluation metric
[2022-12-25 10:26:41,191 INFO] acc: 0.1662
[2022-12-25 10:26:41,191 INFO] acc: 0.1662
[2022-12-25 10:26:41,192 INFO] precision: 0.1520
[2022-12-25 10:26:41,192 INFO] precision: 0.1520
[2022-12-25 10:26:41,192 INFO] recall: 0.1662
[2022-12-25 10:26:41,192 INFO] recall: 0.1662
[2022-12-25 10:26:41,192 INFO] f1: 0.1434
[2022-12-25 10:26:41,192 INFO] f1: 0.1434
[2022-12-25 10:38:40,582 INFO] confusion matrix
[2022-12-25 10:38:40,582 INFO] confusion matrix
[2022-12-25 10:38:40,583 INFO] [[0.019 0.568 0.    0.    0.068 0.    0.114 0.073 0.    0.158]
 [0.01  0.589 0.    0.    0.063 0.    0.102 0.085 0.    0.151]
 [0.011 0.304 0.    0.    0.284 0.    0.098 0.197 0.    0.106]
 [0.014 0.245 0.    0.    0.287 0.    0.11  0.235 0.    0.109]
 [0.008 0.166 0.    0.    0.475 0.    0.084 0.187 0.    0.08 ]
 [0.009 0.228 0.    0.    0.29  0.    0.128 0.233 0.    0.112]
 [0.004 0.133 0.    0.    0.518 0.    0.066 0.205 0.    0.074]
 [0.014 0.332 0.    0.    0.207 0.    0.101 0.196 0.    0.15 ]
 [0.007 0.559 0.    0.    0.045 0.    0.141 0.087 0.    0.161]
 [0.012 0.516 0.    0.    0.057 0.    0.127 0.135 0.    0.153]]
[2022-12-25 10:38:40,583 INFO] [[0.019 0.568 0.    0.    0.068 0.    0.114 0.073 0.    0.158]
 [0.01  0.589 0.    0.    0.063 0.    0.102 0.085 0.    0.151]
 [0.011 0.304 0.    0.    0.284 0.    0.098 0.197 0.    0.106]
 [0.014 0.245 0.    0.    0.287 0.    0.11  0.235 0.    0.109]
 [0.008 0.166 0.    0.    0.475 0.    0.084 0.187 0.    0.08 ]
 [0.009 0.228 0.    0.    0.29  0.    0.128 0.233 0.    0.112]
 [0.004 0.133 0.    0.    0.518 0.    0.066 0.205 0.    0.074]
 [0.014 0.332 0.    0.    0.207 0.    0.101 0.196 0.    0.15 ]
 [0.007 0.559 0.    0.    0.045 0.    0.141 0.087 0.    0.161]
 [0.012 0.516 0.    0.    0.057 0.    0.127 0.135 0.    0.153]]
[2022-12-25 10:38:40,584 INFO] evaluation metric
[2022-12-25 10:38:40,584 INFO] evaluation metric
[2022-12-25 10:38:40,585 INFO] acc: 0.1498
[2022-12-25 10:38:40,585 INFO] acc: 0.1498
[2022-12-25 10:38:40,585 INFO] precision: 0.0848
[2022-12-25 10:38:40,585 INFO] precision: 0.0848
[2022-12-25 10:38:40,585 INFO] recall: 0.1498
[2022-12-25 10:38:40,585 INFO] recall: 0.1498
[2022-12-25 10:38:40,586 INFO] f1: 0.0925
[2022-12-25 10:38:40,586 INFO] f1: 0.0925
[2022-12-25 10:50:39,332 INFO] confusion matrix
[2022-12-25 10:50:39,332 INFO] confusion matrix
[2022-12-25 10:50:39,333 INFO] [[0.192 0.058 0.059 0.112 0.015 0.022 0.045 0.126 0.178 0.193]
 [0.13  0.069 0.075 0.091 0.013 0.025 0.053 0.14  0.16  0.244]
 [0.099 0.02  0.048 0.079 0.132 0.09  0.12  0.275 0.056 0.081]
 [0.032 0.026 0.083 0.06  0.073 0.096 0.136 0.346 0.031 0.117]
 [0.047 0.02  0.032 0.062 0.3   0.096 0.143 0.228 0.013 0.059]
 [0.031 0.021 0.065 0.075 0.074 0.092 0.103 0.394 0.036 0.109]
 [0.009 0.015 0.032 0.033 0.339 0.112 0.122 0.28  0.013 0.045]
 [0.05  0.035 0.07  0.071 0.049 0.069 0.064 0.332 0.066 0.194]
 [0.17  0.071 0.072 0.14  0.004 0.023 0.055 0.095 0.151 0.219]
 [0.124 0.067 0.066 0.086 0.01  0.038 0.036 0.21  0.149 0.214]]
[2022-12-25 10:50:39,333 INFO] [[0.192 0.058 0.059 0.112 0.015 0.022 0.045 0.126 0.178 0.193]
 [0.13  0.069 0.075 0.091 0.013 0.025 0.053 0.14  0.16  0.244]
 [0.099 0.02  0.048 0.079 0.132 0.09  0.12  0.275 0.056 0.081]
 [0.032 0.026 0.083 0.06  0.073 0.096 0.136 0.346 0.031 0.117]
 [0.047 0.02  0.032 0.062 0.3   0.096 0.143 0.228 0.013 0.059]
 [0.031 0.021 0.065 0.075 0.074 0.092 0.103 0.394 0.036 0.109]
 [0.009 0.015 0.032 0.033 0.339 0.112 0.122 0.28  0.013 0.045]
 [0.05  0.035 0.07  0.071 0.049 0.069 0.064 0.332 0.066 0.194]
 [0.17  0.071 0.072 0.14  0.004 0.023 0.055 0.095 0.151 0.219]
 [0.124 0.067 0.066 0.086 0.01  0.038 0.036 0.21  0.149 0.214]]
[2022-12-25 10:50:39,335 INFO] evaluation metric
[2022-12-25 10:50:39,335 INFO] evaluation metric
[2022-12-25 10:50:39,335 INFO] acc: 0.1580
[2022-12-25 10:50:39,335 INFO] acc: 0.1580
[2022-12-25 10:50:39,335 INFO] precision: 0.1577
[2022-12-25 10:50:39,335 INFO] precision: 0.1577
[2022-12-25 10:50:39,336 INFO] recall: 0.1580
[2022-12-25 10:50:39,336 INFO] recall: 0.1580
[2022-12-25 10:50:39,336 INFO] f1: 0.1498
[2022-12-25 10:50:39,336 INFO] f1: 0.1498
[2022-12-25 11:02:38,250 INFO] confusion matrix
[2022-12-25 11:02:38,250 INFO] confusion matrix
[2022-12-25 11:02:38,250 INFO] [[0.    0.    0.    0.    0.    0.    0.    0.    0.969 0.031]
 [0.    0.    0.    0.    0.    0.    0.    0.    0.947 0.053]
 [0.    0.    0.    0.    0.    0.    0.    0.    0.984 0.016]
 [0.    0.    0.    0.    0.    0.    0.    0.    0.97  0.03 ]
 [0.    0.    0.    0.    0.    0.    0.    0.    0.992 0.008]
 [0.    0.    0.    0.    0.    0.    0.    0.    0.989 0.011]
 [0.    0.    0.    0.    0.    0.    0.    0.    0.989 0.011]
 [0.    0.    0.    0.    0.    0.    0.    0.    0.972 0.028]
 [0.    0.    0.    0.    0.    0.    0.    0.    0.96  0.04 ]
 [0.    0.    0.    0.    0.    0.    0.    0.    0.952 0.048]]
[2022-12-25 11:02:38,250 INFO] [[0.    0.    0.    0.    0.    0.    0.    0.    0.969 0.031]
 [0.    0.    0.    0.    0.    0.    0.    0.    0.947 0.053]
 [0.    0.    0.    0.    0.    0.    0.    0.    0.984 0.016]
 [0.    0.    0.    0.    0.    0.    0.    0.    0.97  0.03 ]
 [0.    0.    0.    0.    0.    0.    0.    0.    0.992 0.008]
 [0.    0.    0.    0.    0.    0.    0.    0.    0.989 0.011]
 [0.    0.    0.    0.    0.    0.    0.    0.    0.989 0.011]
 [0.    0.    0.    0.    0.    0.    0.    0.    0.972 0.028]
 [0.    0.    0.    0.    0.    0.    0.    0.    0.96  0.04 ]
 [0.    0.    0.    0.    0.    0.    0.    0.    0.952 0.048]]
[2022-12-25 11:02:38,252 INFO] evaluation metric
[2022-12-25 11:02:38,252 INFO] evaluation metric
[2022-12-25 11:02:38,252 INFO] acc: 0.1008
[2022-12-25 11:02:38,252 INFO] acc: 0.1008
[2022-12-25 11:02:38,252 INFO] precision: 0.0273
[2022-12-25 11:02:38,252 INFO] precision: 0.0273
[2022-12-25 11:02:38,253 INFO] recall: 0.1008
[2022-12-25 11:02:38,253 INFO] recall: 0.1008
[2022-12-25 11:02:38,253 INFO] f1: 0.0254
[2022-12-25 11:02:38,253 INFO] f1: 0.0254
[2022-12-25 11:14:37,449 INFO] confusion matrix
[2022-12-25 11:14:37,449 INFO] confusion matrix
[2022-12-25 11:14:37,450 INFO] [[0.65  0.    0.    0.    0.001 0.    0.    0.    0.348 0.001]
 [0.304 0.    0.    0.    0.    0.    0.    0.    0.696 0.   ]
 [0.56  0.    0.    0.    0.    0.    0.    0.    0.44  0.   ]
 [0.485 0.    0.    0.    0.    0.    0.    0.    0.512 0.003]
 [0.631 0.    0.    0.    0.    0.    0.    0.    0.369 0.   ]
 [0.513 0.    0.    0.    0.    0.    0.    0.    0.487 0.   ]
 [0.427 0.    0.    0.    0.    0.    0.    0.    0.572 0.001]
 [0.422 0.    0.    0.    0.    0.    0.    0.    0.578 0.   ]
 [0.647 0.    0.    0.    0.    0.    0.    0.    0.351 0.002]
 [0.353 0.    0.    0.    0.    0.    0.    0.    0.646 0.001]]
[2022-12-25 11:14:37,450 INFO] [[0.65  0.    0.    0.    0.001 0.    0.    0.    0.348 0.001]
 [0.304 0.    0.    0.    0.    0.    0.    0.    0.696 0.   ]
 [0.56  0.    0.    0.    0.    0.    0.    0.    0.44  0.   ]
 [0.485 0.    0.    0.    0.    0.    0.    0.    0.512 0.003]
 [0.631 0.    0.    0.    0.    0.    0.    0.    0.369 0.   ]
 [0.513 0.    0.    0.    0.    0.    0.    0.    0.487 0.   ]
 [0.427 0.    0.    0.    0.    0.    0.    0.    0.572 0.001]
 [0.422 0.    0.    0.    0.    0.    0.    0.    0.578 0.   ]
 [0.647 0.    0.    0.    0.    0.    0.    0.    0.351 0.002]
 [0.353 0.    0.    0.    0.    0.    0.    0.    0.646 0.001]]
[2022-12-25 11:14:37,451 INFO] evaluation metric
[2022-12-25 11:14:37,451 INFO] evaluation metric
[2022-12-25 11:14:37,452 INFO] acc: 0.1002
[2022-12-25 11:14:37,452 INFO] acc: 0.1002
[2022-12-25 11:14:37,452 INFO] precision: 0.0325
[2022-12-25 11:14:37,452 INFO] precision: 0.0325
[2022-12-25 11:14:37,453 INFO] recall: 0.1002
[2022-12-25 11:14:37,453 INFO] recall: 0.1002
[2022-12-25 11:14:37,453 INFO] f1: 0.0336
[2022-12-25 11:14:37,453 INFO] f1: 0.0336
[2022-12-25 11:26:36,436 INFO] confusion matrix
[2022-12-25 11:26:36,436 INFO] confusion matrix
[2022-12-25 11:26:36,436 INFO] [[0.273 0.044 0.    0.    0.122 0.    0.    0.515 0.046 0.   ]
 [0.04  0.034 0.    0.    0.064 0.    0.    0.831 0.031 0.   ]
 [0.184 0.05  0.    0.    0.132 0.    0.    0.577 0.057 0.   ]
 [0.123 0.033 0.    0.    0.138 0.    0.    0.656 0.05  0.   ]
 [0.174 0.051 0.    0.    0.159 0.    0.    0.534 0.082 0.   ]
 [0.126 0.052 0.    0.    0.112 0.    0.    0.655 0.055 0.   ]
 [0.083 0.043 0.    0.    0.106 0.    0.    0.724 0.044 0.   ]
 [0.078 0.044 0.    0.    0.081 0.    0.    0.757 0.04  0.   ]
 [0.261 0.045 0.    0.    0.123 0.    0.    0.512 0.059 0.   ]
 [0.07  0.04  0.    0.    0.081 0.    0.    0.779 0.03  0.   ]]
[2022-12-25 11:26:36,436 INFO] [[0.273 0.044 0.    0.    0.122 0.    0.    0.515 0.046 0.   ]
 [0.04  0.034 0.    0.    0.064 0.    0.    0.831 0.031 0.   ]
 [0.184 0.05  0.    0.    0.132 0.    0.    0.577 0.057 0.   ]
 [0.123 0.033 0.    0.    0.138 0.    0.    0.656 0.05  0.   ]
 [0.174 0.051 0.    0.    0.159 0.    0.    0.534 0.082 0.   ]
 [0.126 0.052 0.    0.    0.112 0.    0.    0.655 0.055 0.   ]
 [0.083 0.043 0.    0.    0.106 0.    0.    0.724 0.044 0.   ]
 [0.078 0.044 0.    0.    0.081 0.    0.    0.757 0.04  0.   ]
 [0.261 0.045 0.    0.    0.123 0.    0.    0.512 0.059 0.   ]
 [0.07  0.04  0.    0.    0.081 0.    0.    0.779 0.03  0.   ]]
[2022-12-25 11:26:36,438 INFO] evaluation metric
[2022-12-25 11:26:36,438 INFO] evaluation metric
[2022-12-25 11:26:36,438 INFO] acc: 0.1282
[2022-12-25 11:26:36,438 INFO] acc: 0.1282
[2022-12-25 11:26:36,439 INFO] precision: 0.0649
[2022-12-25 11:26:36,439 INFO] precision: 0.0649
[2022-12-25 11:26:36,439 INFO] recall: 0.1282
[2022-12-25 11:26:36,439 INFO] recall: 0.1282
[2022-12-25 11:26:36,439 INFO] f1: 0.0704
[2022-12-25 11:26:36,439 INFO] f1: 0.0704
[2022-12-25 11:38:34,974 INFO] confusion matrix
[2022-12-25 11:38:34,974 INFO] confusion matrix
[2022-12-25 11:38:34,974 INFO] [[0.291 0.137 0.037 0.201 0.    0.    0.334 0.    0.    0.   ]
 [0.049 0.289 0.012 0.162 0.    0.    0.488 0.    0.    0.   ]
 [0.246 0.124 0.025 0.241 0.    0.    0.364 0.    0.    0.   ]
 [0.177 0.126 0.033 0.249 0.    0.    0.415 0.    0.    0.   ]
 [0.269 0.091 0.035 0.254 0.    0.    0.351 0.    0.    0.   ]
 [0.16  0.147 0.036 0.218 0.    0.    0.439 0.    0.    0.   ]
 [0.126 0.145 0.02  0.225 0.    0.    0.484 0.    0.    0.   ]
 [0.115 0.203 0.011 0.208 0.    0.    0.463 0.    0.    0.   ]
 [0.33  0.084 0.03  0.22  0.    0.    0.336 0.    0.    0.   ]
 [0.097 0.195 0.01  0.23  0.    0.    0.468 0.    0.    0.   ]]
[2022-12-25 11:38:34,974 INFO] [[0.291 0.137 0.037 0.201 0.    0.    0.334 0.    0.    0.   ]
 [0.049 0.289 0.012 0.162 0.    0.    0.488 0.    0.    0.   ]
 [0.246 0.124 0.025 0.241 0.    0.    0.364 0.    0.    0.   ]
 [0.177 0.126 0.033 0.249 0.    0.    0.415 0.    0.    0.   ]
 [0.269 0.091 0.035 0.254 0.    0.    0.351 0.    0.    0.   ]
 [0.16  0.147 0.036 0.218 0.    0.    0.439 0.    0.    0.   ]
 [0.126 0.145 0.02  0.225 0.    0.    0.484 0.    0.    0.   ]
 [0.115 0.203 0.011 0.208 0.    0.    0.463 0.    0.    0.   ]
 [0.33  0.084 0.03  0.22  0.    0.    0.336 0.    0.    0.   ]
 [0.097 0.195 0.01  0.23  0.    0.    0.468 0.    0.    0.   ]]
[2022-12-25 11:38:34,976 INFO] evaluation metric
[2022-12-25 11:38:34,976 INFO] evaluation metric
[2022-12-25 11:38:34,976 INFO] acc: 0.1338
[2022-12-25 11:38:34,976 INFO] acc: 0.1338
[2022-12-25 11:38:34,977 INFO] precision: 0.0674
[2022-12-25 11:38:34,977 INFO] precision: 0.0674
[2022-12-25 11:38:34,977 INFO] recall: 0.1338
[2022-12-25 11:38:34,977 INFO] recall: 0.1338
[2022-12-25 11:38:34,977 INFO] f1: 0.0814
[2022-12-25 11:38:34,977 INFO] f1: 0.0814
[2022-12-25 11:38:35,172 INFO] Best acc 0.1896 at epoch 1
[2022-12-25 11:38:35,172 INFO] Best acc 0.1896 at epoch 1
[2022-12-25 11:38:35,174 INFO] Training finished.
[2022-12-25 11:38:35,174 INFO] Training finished.
[2022-12-25 11:46:42,218 INFO] confusion matrix
[2022-12-25 11:46:42,218 INFO] confusion matrix
[2022-12-25 11:46:42,219 INFO] [[0.291 0.137 0.037 0.201 0.    0.    0.334 0.    0.    0.   ]
 [0.049 0.289 0.012 0.162 0.    0.    0.488 0.    0.    0.   ]
 [0.246 0.124 0.025 0.241 0.    0.    0.364 0.    0.    0.   ]
 [0.177 0.126 0.033 0.249 0.    0.    0.415 0.    0.    0.   ]
 [0.269 0.091 0.035 0.254 0.    0.    0.351 0.    0.    0.   ]
 [0.16  0.147 0.036 0.218 0.    0.    0.439 0.    0.    0.   ]
 [0.126 0.145 0.02  0.225 0.    0.    0.484 0.    0.    0.   ]
 [0.115 0.203 0.011 0.208 0.    0.    0.463 0.    0.    0.   ]
 [0.33  0.084 0.03  0.22  0.    0.    0.336 0.    0.    0.   ]
 [0.097 0.195 0.01  0.23  0.    0.    0.468 0.    0.    0.   ]]
[2022-12-25 11:46:42,219 INFO] [[0.291 0.137 0.037 0.201 0.    0.    0.334 0.    0.    0.   ]
 [0.049 0.289 0.012 0.162 0.    0.    0.488 0.    0.    0.   ]
 [0.246 0.124 0.025 0.241 0.    0.    0.364 0.    0.    0.   ]
 [0.177 0.126 0.033 0.249 0.    0.    0.415 0.    0.    0.   ]
 [0.269 0.091 0.035 0.254 0.    0.    0.351 0.    0.    0.   ]
 [0.16  0.147 0.036 0.218 0.    0.    0.439 0.    0.    0.   ]
 [0.126 0.145 0.02  0.225 0.    0.    0.484 0.    0.    0.   ]
 [0.115 0.203 0.011 0.208 0.    0.    0.463 0.    0.    0.   ]
 [0.33  0.084 0.03  0.22  0.    0.    0.336 0.    0.    0.   ]
 [0.097 0.195 0.01  0.23  0.    0.    0.468 0.    0.    0.   ]]
[2022-12-25 11:46:42,220 INFO] evaluation metric
[2022-12-25 11:46:42,220 INFO] evaluation metric
[2022-12-25 11:46:42,221 INFO] acc: 0.1338
[2022-12-25 11:46:42,221 INFO] acc: 0.1338
[2022-12-25 11:46:42,221 INFO] precision: 0.0674
[2022-12-25 11:46:42,221 INFO] precision: 0.0674
[2022-12-25 11:46:42,221 INFO] recall: 0.1338
[2022-12-25 11:46:42,221 INFO] recall: 0.1338
[2022-12-25 11:46:42,222 INFO] f1: 0.0814
[2022-12-25 11:46:42,222 INFO] f1: 0.0814
