[2022-12-25 12:05:52,053 INFO] confusion matrix
[2022-12-25 12:05:52,054 INFO] [[0.056 0.062 0.025 0.097 0.006 0.079 0.017 0.033 0.405 0.22 ]
 [0.081 0.174 0.02  0.051 0.001 0.106 0.012 0.033 0.289 0.233]
 [0.026 0.062 0.021 0.202 0.038 0.147 0.125 0.18  0.16  0.039]
 [0.025 0.054 0.03  0.248 0.051 0.149 0.091 0.158 0.167 0.027]
 [0.017 0.025 0.018 0.204 0.052 0.124 0.26  0.203 0.076 0.021]
 [0.011 0.058 0.032 0.242 0.054 0.16  0.108 0.163 0.151 0.021]
 [0.01  0.021 0.012 0.171 0.055 0.103 0.35  0.224 0.046 0.008]
 [0.037 0.063 0.021 0.204 0.044 0.203 0.07  0.161 0.163 0.034]
 [0.053 0.073 0.027 0.127 0.007 0.083 0.009 0.017 0.394 0.21 ]
 [0.057 0.143 0.026 0.073 0.006 0.133 0.018 0.06  0.287 0.197]]
[2022-12-25 12:05:52,055 INFO] evaluation metric
[2022-12-25 12:05:52,056 INFO] acc: 0.1813
[2022-12-25 12:05:52,056 INFO] precision: 0.1761
[2022-12-25 12:05:52,056 INFO] recall: 0.1813
[2022-12-25 12:05:52,057 INFO] f1: 0.1656
[2022-12-25 12:16:53,462 INFO] confusion matrix
[2022-12-25 12:16:53,463 INFO] [[0.075 0.    0.055 0.065 0.054 0.029 0.044 0.042 0.513 0.123]
 [0.028 0.001 0.046 0.118 0.028 0.051 0.119 0.064 0.37  0.175]
 [0.031 0.    0.085 0.11  0.084 0.097 0.119 0.114 0.232 0.128]
 [0.024 0.    0.094 0.176 0.051 0.065 0.133 0.115 0.236 0.106]
 [0.028 0.    0.088 0.134 0.084 0.071 0.151 0.148 0.195 0.101]
 [0.029 0.001 0.064 0.177 0.057 0.055 0.144 0.116 0.22  0.137]
 [0.019 0.002 0.046 0.176 0.041 0.074 0.262 0.164 0.128 0.088]
 [0.013 0.    0.074 0.179 0.047 0.075 0.142 0.129 0.23  0.111]
 [0.042 0.    0.049 0.103 0.029 0.037 0.037 0.035 0.518 0.15 ]
 [0.029 0.    0.045 0.118 0.038 0.046 0.115 0.079 0.313 0.217]]
[2022-12-25 12:16:53,464 INFO] evaluation metric
[2022-12-25 12:16:53,465 INFO] acc: 0.1602
[2022-12-25 12:16:53,465 INFO] precision: 0.1676
[2022-12-25 12:16:53,465 INFO] recall: 0.1602
[2022-12-25 12:16:53,466 INFO] f1: 0.1356
[2022-12-25 12:27:55,356 INFO] confusion matrix
[2022-12-25 12:27:55,357 INFO] [[0.157 0.077 0.069 0.01  0.014 0.024 0.053 0.072 0.202 0.322]
 [0.043 0.12  0.083 0.003 0.005 0.024 0.015 0.076 0.162 0.469]
 [0.043 0.081 0.031 0.016 0.035 0.047 0.19  0.098 0.219 0.24 ]
 [0.02  0.135 0.049 0.016 0.027 0.055 0.122 0.099 0.213 0.264]
 [0.024 0.076 0.033 0.017 0.029 0.071 0.229 0.101 0.249 0.171]
 [0.014 0.116 0.046 0.025 0.029 0.064 0.119 0.119 0.189 0.279]
 [0.009 0.059 0.022 0.02  0.044 0.07  0.242 0.139 0.246 0.149]
 [0.012 0.151 0.043 0.017 0.025 0.053 0.068 0.142 0.15  0.339]
 [0.118 0.081 0.051 0.007 0.012 0.021 0.041 0.083 0.291 0.295]
 [0.055 0.158 0.075 0.009 0.009 0.027 0.018 0.083 0.164 0.402]]
[2022-12-25 12:27:55,358 INFO] evaluation metric
[2022-12-25 12:27:55,358 INFO] acc: 0.1494
[2022-12-25 12:27:55,359 INFO] precision: 0.1512
[2022-12-25 12:27:55,359 INFO] recall: 0.1494
[2022-12-25 12:27:55,359 INFO] f1: 0.1297
[2022-12-25 12:38:58,119 INFO] confusion matrix
[2022-12-25 12:38:58,119 INFO] [[0.189 0.068 0.076 0.067 0.011 0.028 0.033 0.014 0.108 0.406]
 [0.032 0.042 0.094 0.062 0.012 0.054 0.043 0.017 0.053 0.591]
 [0.034 0.03  0.086 0.137 0.044 0.031 0.234 0.108 0.045 0.251]
 [0.023 0.027 0.159 0.149 0.032 0.06  0.196 0.086 0.034 0.234]
 [0.024 0.013 0.083 0.122 0.071 0.021 0.387 0.102 0.019 0.158]
 [0.016 0.023 0.153 0.162 0.03  0.058 0.218 0.075 0.036 0.229]
 [0.008 0.006 0.085 0.124 0.05  0.031 0.489 0.096 0.009 0.102]
 [0.007 0.031 0.168 0.161 0.016 0.077 0.118 0.054 0.041 0.327]
 [0.146 0.056 0.1   0.073 0.016 0.031 0.034 0.015 0.091 0.438]
 [0.042 0.05  0.108 0.093 0.012 0.059 0.033 0.013 0.048 0.542]]
[2022-12-25 12:38:58,121 INFO] evaluation metric
[2022-12-25 12:38:58,121 INFO] acc: 0.1771
[2022-12-25 12:38:58,121 INFO] precision: 0.1782
[2022-12-25 12:38:58,122 INFO] recall: 0.1771
[2022-12-25 12:38:58,122 INFO] f1: 0.1516
[2022-12-25 12:50:00,210 INFO] confusion matrix
[2022-12-25 12:50:00,210 INFO] [[0.113 0.227 0.073 0.064 0.02  0.069 0.041 0.005 0.237 0.151]
 [0.017 0.284 0.064 0.061 0.01  0.122 0.071 0.013 0.143 0.215]
 [0.013 0.145 0.12  0.12  0.057 0.071 0.297 0.021 0.095 0.061]
 [0.008 0.087 0.166 0.166 0.047 0.1   0.231 0.018 0.129 0.048]
 [0.014 0.06  0.112 0.115 0.07  0.061 0.462 0.011 0.063 0.032]
 [0.001 0.08  0.205 0.124 0.037 0.105 0.264 0.017 0.1   0.067]
 [0.002 0.025 0.117 0.096 0.039 0.049 0.594 0.008 0.045 0.025]
 [0.001 0.157 0.148 0.13  0.019 0.164 0.163 0.009 0.124 0.085]
 [0.087 0.174 0.087 0.081 0.031 0.078 0.035 0.008 0.27  0.149]
 [0.016 0.252 0.083 0.071 0.007 0.127 0.048 0.006 0.187 0.203]]
[2022-12-25 12:50:00,212 INFO] evaluation metric
[2022-12-25 12:50:00,212 INFO] acc: 0.1934
[2022-12-25 12:50:00,212 INFO] precision: 0.1925
[2022-12-25 12:50:00,213 INFO] recall: 0.1934
[2022-12-25 12:50:00,213 INFO] f1: 0.1704
[2022-12-25 13:01:01,703 INFO] confusion matrix
[2022-12-25 13:01:01,704 INFO] [[0.069 0.024 0.057 0.004 0.029 0.181 0.048 0.022 0.204 0.362]
 [0.023 0.016 0.025 0.004 0.016 0.357 0.074 0.022 0.099 0.364]
 [0.024 0.014 0.012 0.028 0.137 0.388 0.176 0.023 0.036 0.162]
 [0.025 0.016 0.001 0.011 0.087 0.478 0.13  0.016 0.024 0.212]
 [0.01  0.012 0.007 0.023 0.235 0.395 0.188 0.014 0.012 0.104]
 [0.023 0.009 0.006 0.015 0.081 0.487 0.12  0.012 0.031 0.216]
 [0.021 0.003 0.001 0.021 0.188 0.385 0.309 0.016 0.006 0.05 ]
 [0.035 0.009 0.005 0.027 0.093 0.506 0.13  0.012 0.019 0.164]
 [0.038 0.014 0.029 0.004 0.024 0.238 0.037 0.027 0.2   0.389]
 [0.036 0.015 0.026 0.006 0.036 0.387 0.083 0.022 0.084 0.305]]
[2022-12-25 13:01:01,705 INFO] evaluation metric
[2022-12-25 13:01:01,705 INFO] acc: 0.1656
[2022-12-25 13:01:01,706 INFO] precision: 0.1592
[2022-12-25 13:01:01,706 INFO] recall: 0.1656
[2022-12-25 13:01:01,707 INFO] f1: 0.1327
[2022-12-25 13:12:03,099 INFO] confusion matrix
[2022-12-25 13:12:03,100 INFO] [[0.052 0.118 0.073 0.002 0.007 0.124 0.078 0.088 0.054 0.404]
 [0.005 0.061 0.027 0.    0.007 0.201 0.101 0.134 0.011 0.453]
 [0.004 0.056 0.018 0.001 0.027 0.214 0.231 0.199 0.005 0.245]
 [0.001 0.025 0.003 0.004 0.011 0.282 0.171 0.204 0.007 0.292]
 [0.002 0.018 0.005 0.007 0.031 0.234 0.219 0.271 0.001 0.212]
 [0.007 0.019 0.001 0.003 0.009 0.266 0.201 0.175 0.007 0.312]
 [0.    0.003 0.001 0.012 0.019 0.224 0.283 0.315 0.001 0.142]
 [0.001 0.051 0.003 0.006 0.006 0.325 0.173 0.197 0.003 0.235]
 [0.033 0.07  0.037 0.    0.005 0.136 0.075 0.077 0.065 0.502]
 [0.004 0.096 0.033 0.    0.002 0.248 0.119 0.118 0.002 0.378]]
[2022-12-25 13:12:03,101 INFO] evaluation metric
[2022-12-25 13:12:03,102 INFO] acc: 0.1355
[2022-12-25 13:12:03,102 INFO] precision: 0.1985
[2022-12-25 13:12:03,103 INFO] recall: 0.1355
[2022-12-25 13:12:03,103 INFO] f1: 0.1079
[2022-12-25 13:23:04,306 INFO] confusion matrix
[2022-12-25 13:23:04,307 INFO] [[0.086 0.101 0.05  0.006 0.037 0.069 0.109 0.016 0.174 0.352]
 [0.036 0.121 0.056 0.018 0.03  0.102 0.096 0.018 0.158 0.365]
 [0.038 0.035 0.026 0.074 0.104 0.156 0.263 0.006 0.044 0.254]
 [0.038 0.049 0.031 0.056 0.056 0.167 0.256 0.009 0.033 0.305]
 [0.023 0.02  0.019 0.106 0.174 0.157 0.291 0.01  0.017 0.183]
 [0.038 0.05  0.032 0.048 0.055 0.21  0.214 0.009 0.038 0.306]
 [0.011 0.023 0.011 0.097 0.164 0.164 0.349 0.011 0.007 0.163]
 [0.025 0.058 0.039 0.035 0.046 0.235 0.228 0.015 0.031 0.288]
 [0.106 0.082 0.049 0.014 0.042 0.096 0.104 0.009 0.175 0.323]
 [0.045 0.101 0.055 0.022 0.026 0.13  0.132 0.015 0.092 0.382]]
[2022-12-25 13:23:04,308 INFO] evaluation metric
[2022-12-25 13:23:04,309 INFO] acc: 0.1594
[2022-12-25 13:23:04,309 INFO] precision: 0.1605
[2022-12-25 13:23:04,309 INFO] recall: 0.1594
[2022-12-25 13:23:04,310 INFO] f1: 0.1399
[2022-12-25 13:34:06,661 INFO] confusion matrix
[2022-12-25 13:34:06,662 INFO] [[0.065 0.064 0.008 0.098 0.009 0.001 0.019 0.433 0.26  0.043]
 [0.068 0.067 0.009 0.109 0.019 0.001 0.026 0.387 0.264 0.05 ]
 [0.069 0.044 0.006 0.113 0.013 0.001 0.036 0.488 0.191 0.039]
 [0.064 0.046 0.008 0.128 0.009 0.002 0.036 0.508 0.16  0.039]
 [0.094 0.046 0.011 0.122 0.013 0.003 0.053 0.382 0.242 0.034]
 [0.042 0.035 0.001 0.139 0.003 0.001 0.028 0.571 0.149 0.031]
 [0.069 0.035 0.013 0.107 0.018 0.002 0.052 0.473 0.177 0.054]
 [0.061 0.051 0.006 0.123 0.006 0.    0.026 0.531 0.163 0.033]
 [0.092 0.064 0.012 0.091 0.011 0.001 0.014 0.283 0.396 0.036]
 [0.068 0.062 0.006 0.108 0.021 0.    0.037 0.459 0.198 0.041]]
[2022-12-25 13:34:06,663 INFO] evaluation metric
[2022-12-25 13:34:06,664 INFO] acc: 0.1300
[2022-12-25 13:34:06,664 INFO] precision: 0.1161
[2022-12-25 13:34:06,664 INFO] recall: 0.1300
[2022-12-25 13:34:06,665 INFO] f1: 0.0898
[2022-12-25 13:45:08,958 INFO] confusion matrix
[2022-12-25 13:45:08,958 INFO] [[0.08  0.02  0.053 0.003 0.052 0.026 0.021 0.174 0.226 0.345]
 [0.065 0.032 0.064 0.016 0.092 0.049 0.052 0.217 0.211 0.202]
 [0.019 0.028 0.039 0.043 0.206 0.046 0.065 0.223 0.126 0.205]
 [0.028 0.021 0.038 0.021 0.223 0.047 0.063 0.262 0.112 0.185]
 [0.015 0.023 0.02  0.051 0.26  0.058 0.084 0.199 0.15  0.14 ]
 [0.032 0.035 0.042 0.025 0.185 0.05  0.054 0.282 0.106 0.189]
 [0.017 0.011 0.04  0.048 0.306 0.045 0.088 0.261 0.086 0.098]
 [0.039 0.025 0.038 0.019 0.198 0.052 0.07  0.261 0.113 0.185]
 [0.08  0.023 0.06  0.008 0.062 0.057 0.024 0.108 0.339 0.239]
 [0.053 0.024 0.06  0.021 0.127 0.047 0.033 0.234 0.182 0.219]]
[2022-12-25 13:45:08,960 INFO] evaluation metric
[2022-12-25 13:45:08,960 INFO] acc: 0.1389
[2022-12-25 13:45:08,960 INFO] precision: 0.1335
[2022-12-25 13:45:08,961 INFO] recall: 0.1389
[2022-12-25 13:45:08,961 INFO] f1: 0.1187
[2022-12-25 13:45:09,155 INFO] Best acc 0.1934 at epoch 4
[2022-12-25 13:45:09,157 INFO] Training finished.
[2022-12-25 13:53:17,925 INFO] confusion matrix
[2022-12-25 13:53:17,926 INFO] [[0.08  0.02  0.053 0.003 0.052 0.026 0.021 0.174 0.226 0.345]
 [0.065 0.032 0.064 0.016 0.092 0.049 0.052 0.217 0.211 0.202]
 [0.019 0.028 0.039 0.043 0.206 0.046 0.065 0.223 0.126 0.205]
 [0.028 0.021 0.038 0.021 0.223 0.047 0.063 0.262 0.112 0.185]
 [0.015 0.023 0.02  0.051 0.26  0.058 0.084 0.199 0.15  0.14 ]
 [0.032 0.035 0.042 0.025 0.185 0.05  0.054 0.282 0.106 0.189]
 [0.017 0.011 0.04  0.048 0.306 0.045 0.088 0.261 0.086 0.098]
 [0.039 0.025 0.038 0.019 0.198 0.052 0.07  0.261 0.113 0.185]
 [0.08  0.023 0.06  0.008 0.062 0.057 0.024 0.108 0.339 0.239]
 [0.053 0.024 0.06  0.021 0.127 0.047 0.033 0.234 0.182 0.219]]
[2022-12-25 13:53:17,927 INFO] evaluation metric
[2022-12-25 13:53:17,927 INFO] acc: 0.1389
[2022-12-25 13:53:17,928 INFO] precision: 0.1335
[2022-12-25 13:53:17,928 INFO] recall: 0.1389
[2022-12-25 13:53:17,928 INFO] f1: 0.1187
