[2022-12-25 14:16:11,169 INFO] confusion matrix
[2022-12-25 14:16:11,170 INFO] [[0.197 0.027 0.009 0.028 0.039 0.11  0.011 0.105 0.257 0.217]
 [0.011 0.048 0.01  0.113 0.02  0.187 0.005 0.179 0.073 0.354]
 [0.101 0.025 0.016 0.172 0.053 0.201 0.092 0.161 0.067 0.112]
 [0.05  0.028 0.034 0.131 0.055 0.386 0.05  0.093 0.035 0.138]
 [0.051 0.031 0.025 0.221 0.063 0.141 0.214 0.128 0.045 0.081]
 [0.047 0.017 0.019 0.101 0.046 0.435 0.047 0.087 0.039 0.162]
 [0.033 0.027 0.021 0.237 0.068 0.209 0.253 0.078 0.019 0.055]
 [0.037 0.023 0.019 0.104 0.025 0.387 0.032 0.175 0.03  0.168]
 [0.074 0.011 0.004 0.029 0.025 0.102 0.002 0.089 0.27  0.394]
 [0.035 0.022 0.004 0.051 0.011 0.233 0.008 0.15  0.085 0.401]]
[2022-12-25 14:16:11,171 INFO] evaluation metric
[2022-12-25 14:16:11,171 INFO] acc: 0.1989
[2022-12-25 14:16:11,172 INFO] precision: 0.2023
[2022-12-25 14:16:11,172 INFO] recall: 0.1989
[2022-12-25 14:16:11,173 INFO] f1: 0.1803
[2022-12-25 14:30:54,830 INFO] confusion matrix
[2022-12-25 14:30:54,831 INFO] [[0.093 0.062 0.111 0.021 0.048 0.056 0.021 0.049 0.256 0.283]
 [0.012 0.163 0.149 0.108 0.01  0.06  0.013 0.056 0.056 0.373]
 [0.051 0.028 0.158 0.078 0.123 0.118 0.128 0.101 0.067 0.148]
 [0.024 0.053 0.145 0.059 0.109 0.255 0.051 0.077 0.044 0.183]
 [0.016 0.053 0.143 0.047 0.131 0.087 0.243 0.137 0.042 0.101]
 [0.026 0.057 0.127 0.043 0.116 0.265 0.048 0.094 0.056 0.168]
 [0.011 0.027 0.138 0.063 0.123 0.18  0.279 0.089 0.021 0.069]
 [0.011 0.064 0.098 0.018 0.04  0.224 0.046 0.222 0.033 0.244]
 [0.052 0.059 0.067 0.029 0.021 0.018 0.004 0.02  0.247 0.483]
 [0.01  0.138 0.047 0.049 0.017 0.08  0.009 0.032 0.04  0.578]]
[2022-12-25 14:30:54,832 INFO] evaluation metric
[2022-12-25 14:30:54,833 INFO] acc: 0.2195
[2022-12-25 14:30:54,833 INFO] precision: 0.2249
[2022-12-25 14:30:54,833 INFO] recall: 0.2195
[2022-12-25 14:30:54,834 INFO] f1: 0.2057
[2022-12-25 14:45:39,982 INFO] confusion matrix
[2022-12-25 14:45:39,983 INFO] [[0.228 0.053 0.202 0.019 0.071 0.057 0.039 0.027 0.089 0.215]
 [0.041 0.17  0.198 0.127 0.015 0.093 0.021 0.044 0.031 0.26 ]
 [0.099 0.022 0.19  0.097 0.112 0.145 0.185 0.056 0.023 0.071]
 [0.047 0.039 0.152 0.11  0.111 0.292 0.088 0.048 0.022 0.091]
 [0.049 0.017 0.154 0.101 0.097 0.106 0.312 0.084 0.012 0.068]
 [0.053 0.04  0.149 0.061 0.103 0.328 0.1   0.058 0.034 0.074]
 [0.022 0.019 0.12  0.152 0.103 0.178 0.339 0.035 0.006 0.026]
 [0.044 0.04  0.117 0.034 0.043 0.28  0.09  0.139 0.014 0.199]
 [0.114 0.055 0.155 0.037 0.029 0.037 0.017 0.006 0.108 0.442]
 [0.039 0.139 0.081 0.081 0.017 0.113 0.023 0.022 0.019 0.466]]
[2022-12-25 14:45:39,984 INFO] evaluation metric
[2022-12-25 14:45:39,985 INFO] acc: 0.2175
[2022-12-25 14:45:39,985 INFO] precision: 0.2288
[2022-12-25 14:45:39,985 INFO] recall: 0.2175
[2022-12-25 14:45:39,986 INFO] f1: 0.2080
[2022-12-25 15:00:24,101 INFO] confusion matrix
[2022-12-25 15:00:24,101 INFO] [[0.192 0.121 0.063 0.009 0.034 0.042 0.025 0.025 0.209 0.28 ]
 [0.024 0.289 0.106 0.037 0.008 0.063 0.019 0.053 0.079 0.322]
 [0.087 0.073 0.11  0.05  0.062 0.137 0.209 0.081 0.057 0.134]
 [0.038 0.138 0.099 0.05  0.075 0.264 0.099 0.066 0.058 0.113]
 [0.045 0.1   0.085 0.027 0.045 0.101 0.347 0.118 0.038 0.094]
 [0.047 0.144 0.098 0.026 0.061 0.304 0.092 0.056 0.058 0.114]
 [0.018 0.103 0.08  0.056 0.054 0.146 0.399 0.065 0.021 0.058]
 [0.045 0.134 0.078 0.011 0.02  0.227 0.073 0.14  0.02  0.252]
 [0.075 0.113 0.036 0.008 0.009 0.023 0.011 0.007 0.244 0.474]
 [0.025 0.265 0.033 0.018 0.006 0.046 0.016 0.027 0.037 0.527]]
[2022-12-25 15:00:24,103 INFO] evaluation metric
[2022-12-25 15:00:24,103 INFO] acc: 0.2300
[2022-12-25 15:00:24,103 INFO] precision: 0.2222
[2022-12-25 15:00:24,104 INFO] recall: 0.2300
[2022-12-25 15:00:24,104 INFO] f1: 0.2098
[2022-12-25 15:15:09,329 INFO] confusion matrix
[2022-12-25 15:15:09,330 INFO] [[0.252 0.192 0.036 0.027 0.031 0.039 0.025 0.031 0.135 0.232]
 [0.042 0.252 0.076 0.116 0.005 0.068 0.019 0.055 0.052 0.315]
 [0.117 0.061 0.086 0.123 0.074 0.149 0.203 0.062 0.026 0.099]
 [0.061 0.088 0.079 0.122 0.089 0.317 0.076 0.043 0.033 0.092]
 [0.057 0.059 0.08  0.107 0.058 0.123 0.348 0.068 0.025 0.075]
 [0.063 0.094 0.089 0.077 0.063 0.345 0.08  0.044 0.043 0.102]
 [0.023 0.063 0.047 0.171 0.071 0.186 0.362 0.025 0.016 0.036]
 [0.058 0.079 0.088 0.05  0.02  0.268 0.061 0.152 0.006 0.218]
 [0.1   0.13  0.031 0.023 0.011 0.041 0.006 0.007 0.218 0.433]
 [0.054 0.214 0.025 0.079 0.002 0.06  0.014 0.025 0.022 0.505]]
[2022-12-25 15:15:09,331 INFO] evaluation metric
[2022-12-25 15:15:09,332 INFO] acc: 0.2352
[2022-12-25 15:15:09,332 INFO] precision: 0.2352
[2022-12-25 15:15:09,332 INFO] recall: 0.2352
[2022-12-25 15:15:09,333 INFO] f1: 0.2216
[2022-12-25 15:29:54,243 INFO] confusion matrix
[2022-12-25 15:29:54,244 INFO] [[0.221 0.168 0.044 0.017 0.044 0.057 0.033 0.015 0.172 0.229]
 [0.027 0.302 0.092 0.073 0.009 0.093 0.025 0.027 0.055 0.297]
 [0.097 0.059 0.122 0.072 0.075 0.191 0.209 0.033 0.052 0.09 ]
 [0.044 0.104 0.108 0.08  0.071 0.329 0.094 0.024 0.059 0.087]
 [0.035 0.062 0.103 0.044 0.054 0.165 0.347 0.058 0.049 0.083]
 [0.034 0.11  0.118 0.039 0.046 0.367 0.098 0.033 0.063 0.092]
 [0.012 0.069 0.088 0.071 0.054 0.214 0.391 0.025 0.037 0.039]
 [0.031 0.109 0.108 0.026 0.014 0.294 0.077 0.079 0.021 0.241]
 [0.074 0.132 0.034 0.013 0.012 0.041 0.005 0.002 0.257 0.43 ]
 [0.02  0.273 0.037 0.036 0.006 0.083 0.019 0.016 0.036 0.474]]
[2022-12-25 15:29:54,246 INFO] evaluation metric
[2022-12-25 15:29:54,246 INFO] acc: 0.2347
[2022-12-25 15:29:54,246 INFO] precision: 0.2347
[2022-12-25 15:29:54,247 INFO] recall: 0.2347
[2022-12-25 15:29:54,247 INFO] f1: 0.2163
[2022-12-25 15:44:37,697 INFO] confusion matrix
[2022-12-25 15:44:37,698 INFO] [[0.279 0.181 0.065 0.011 0.041 0.072 0.062 0.031 0.101 0.157]
 [0.061 0.31  0.105 0.045 0.002 0.151 0.049 0.048 0.023 0.206]
 [0.124 0.053 0.08  0.04  0.068 0.241 0.272 0.052 0.016 0.054]
 [0.044 0.112 0.062 0.043 0.051 0.402 0.192 0.026 0.024 0.044]
 [0.043 0.044 0.064 0.023 0.034 0.238 0.422 0.064 0.017 0.051]
 [0.048 0.101 0.065 0.026 0.043 0.466 0.147 0.037 0.027 0.04 ]
 [0.017 0.057 0.035 0.025 0.054 0.278 0.489 0.02  0.007 0.018]
 [0.031 0.087 0.068 0.013 0.009 0.386 0.141 0.12  0.014 0.131]
 [0.117 0.179 0.033 0.008 0.017 0.069 0.032 0.013 0.182 0.35 ]
 [0.042 0.317 0.035 0.019 0.007 0.136 0.049 0.029 0.018 0.348]]
[2022-12-25 15:44:37,699 INFO] evaluation metric
[2022-12-25 15:44:37,700 INFO] acc: 0.2351
[2022-12-25 15:44:37,700 INFO] precision: 0.2367
[2022-12-25 15:44:37,700 INFO] recall: 0.2351
[2022-12-25 15:44:37,701 INFO] f1: 0.2107
[2022-12-25 15:59:21,510 INFO] confusion matrix
[2022-12-25 15:59:21,511 INFO] [[0.31  0.137 0.132 0.009 0.12  0.032 0.031 0.019 0.026 0.184]
 [0.068 0.284 0.161 0.057 0.024 0.087 0.027 0.032 0.008 0.252]
 [0.111 0.045 0.144 0.046 0.164 0.147 0.231 0.03  0.009 0.073]
 [0.052 0.127 0.132 0.051 0.151 0.277 0.111 0.022 0.016 0.061]
 [0.036 0.055 0.148 0.027 0.139 0.108 0.382 0.036 0.012 0.057]
 [0.056 0.112 0.145 0.029 0.121 0.321 0.104 0.023 0.018 0.071]
 [0.018 0.072 0.09  0.047 0.142 0.149 0.436 0.013 0.008 0.025]
 [0.04  0.117 0.144 0.011 0.059 0.252 0.086 0.097 0.005 0.189]
 [0.186 0.15  0.113 0.01  0.04  0.038 0.016 0.004 0.064 0.379]
 [0.039 0.298 0.074 0.027 0.024 0.078 0.02  0.023 0.005 0.412]]
[2022-12-25 15:59:21,512 INFO] evaluation metric
[2022-12-25 15:59:21,513 INFO] acc: 0.2258
[2022-12-25 15:59:21,513 INFO] precision: 0.2416
[2022-12-25 15:59:21,514 INFO] recall: 0.2258
[2022-12-25 15:59:21,514 INFO] f1: 0.2083
[2022-12-25 16:14:05,817 INFO] confusion matrix
[2022-12-25 16:14:05,818 INFO] [[0.231 0.177 0.019 0.009 0.054 0.027 0.027 0.02  0.081 0.355]
 [0.041 0.282 0.043 0.06  0.017 0.069 0.018 0.038 0.029 0.403]
 [0.083 0.068 0.051 0.047 0.12  0.16  0.219 0.048 0.042 0.162]
 [0.043 0.129 0.028 0.07  0.092 0.338 0.088 0.031 0.04  0.141]
 [0.036 0.054 0.041 0.027 0.09  0.16  0.36  0.06  0.047 0.125]
 [0.035 0.128 0.043 0.037 0.07  0.364 0.082 0.032 0.057 0.152]
 [0.015 0.072 0.037 0.055 0.087 0.212 0.403 0.019 0.027 0.073]
 [0.033 0.12  0.05  0.016 0.028 0.231 0.068 0.116 0.017 0.321]
 [0.072 0.127 0.004 0.015 0.02  0.027 0.008 0.007 0.14  0.58 ]
 [0.022 0.276 0.011 0.037 0.012 0.049 0.013 0.027 0.018 0.535]]
[2022-12-25 16:14:05,819 INFO] evaluation metric
[2022-12-25 16:14:05,819 INFO] acc: 0.2282
[2022-12-25 16:14:05,820 INFO] precision: 0.2367
[2022-12-25 16:14:05,820 INFO] recall: 0.2282
[2022-12-25 16:14:05,820 INFO] f1: 0.2070
[2022-12-25 16:28:44,964 INFO] confusion matrix
[2022-12-25 16:28:44,965 INFO] [[0.219 0.166 0.032 0.004 0.062 0.082 0.035 0.009 0.124 0.267]
 [0.039 0.291 0.071 0.036 0.013 0.175 0.026 0.016 0.046 0.287]
 [0.088 0.05  0.059 0.03  0.112 0.257 0.247 0.02  0.034 0.103]
 [0.032 0.106 0.04  0.042 0.084 0.473 0.11  0.011 0.035 0.067]
 [0.024 0.044 0.057 0.026 0.076 0.231 0.394 0.026 0.033 0.089]
 [0.033 0.106 0.044 0.031 0.072 0.49  0.098 0.016 0.046 0.064]
 [0.007 0.047 0.029 0.05  0.073 0.271 0.449 0.014 0.013 0.047]
 [0.026 0.081 0.061 0.013 0.016 0.448 0.08  0.038 0.019 0.218]
 [0.082 0.154 0.01  0.005 0.018 0.079 0.013 0.003 0.208 0.428]
 [0.024 0.272 0.016 0.013 0.01  0.134 0.02  0.009 0.034 0.468]]
[2022-12-25 16:28:44,966 INFO] evaluation metric
[2022-12-25 16:28:44,967 INFO] acc: 0.2340
[2022-12-25 16:28:44,967 INFO] precision: 0.2359
[2022-12-25 16:28:44,968 INFO] recall: 0.2340
[2022-12-25 16:28:44,968 INFO] f1: 0.2046
[2022-12-25 16:28:45,163 INFO] Best acc 0.2352 at epoch 4
[2022-12-25 16:28:45,166 INFO] Training finished.
[2022-12-25 16:36:51,649 INFO] confusion matrix
[2022-12-25 16:36:51,649 INFO] [[0.219 0.166 0.032 0.004 0.062 0.082 0.035 0.009 0.124 0.267]
 [0.039 0.291 0.071 0.036 0.013 0.175 0.026 0.016 0.046 0.287]
 [0.088 0.05  0.059 0.03  0.112 0.257 0.247 0.02  0.034 0.103]
 [0.032 0.106 0.04  0.042 0.084 0.473 0.11  0.011 0.035 0.067]
 [0.024 0.044 0.057 0.026 0.076 0.231 0.394 0.026 0.033 0.089]
 [0.033 0.106 0.044 0.031 0.072 0.49  0.098 0.016 0.046 0.064]
 [0.007 0.047 0.029 0.05  0.073 0.271 0.449 0.014 0.013 0.047]
 [0.026 0.081 0.061 0.013 0.016 0.448 0.08  0.038 0.019 0.218]
 [0.082 0.154 0.01  0.005 0.018 0.079 0.013 0.003 0.208 0.428]
 [0.024 0.272 0.016 0.013 0.01  0.134 0.02  0.009 0.034 0.468]]
[2022-12-25 16:36:51,651 INFO] evaluation metric
[2022-12-25 16:36:51,651 INFO] acc: 0.2340
[2022-12-25 16:36:51,651 INFO] precision: 0.2359
[2022-12-25 16:36:51,652 INFO] recall: 0.2340
[2022-12-25 16:36:51,652 INFO] f1: 0.2046
