[2022-12-26 13:37:19,243 INFO] confusion matrix
[2022-12-26 13:37:19,244 INFO] [[0.032 0.322 0.052 0.014 0.033 0.006 0.036 0.259 0.129 0.117]
 [0.012 0.396 0.019 0.003 0.037 0.002 0.027 0.399 0.003 0.102]
 [0.022 0.164 0.118 0.005 0.056 0.022 0.081 0.415 0.046 0.071]
 [0.037 0.203 0.071 0.001 0.046 0.01  0.059 0.47  0.038 0.065]
 [0.042 0.162 0.133 0.006 0.062 0.024 0.108 0.398 0.029 0.036]
 [0.028 0.195 0.082 0.009 0.059 0.018 0.071 0.451 0.026 0.061]
 [0.021 0.086 0.073 0.002 0.112 0.017 0.159 0.477 0.013 0.04 ]
 [0.021 0.161 0.05  0.006 0.067 0.007 0.076 0.521 0.023 0.068]
 [0.022 0.386 0.055 0.01  0.018 0.    0.023 0.248 0.093 0.145]
 [0.009 0.32  0.023 0.008 0.035 0.003 0.032 0.449 0.009 0.112]]
[2022-12-26 13:37:19,245 INFO] evaluation metric
[2022-12-26 13:37:19,246 INFO] acc: 0.1512
[2022-12-26 13:37:19,246 INFO] precision: 0.1497
[2022-12-26 13:37:19,246 INFO] recall: 0.1512
[2022-12-26 13:37:19,247 INFO] f1: 0.1191
[2022-12-26 14:14:54,503 INFO] confusion matrix
[2022-12-26 14:14:54,504 INFO] [[0.202 0.18  0.    0.002 0.02  0.063 0.053 0.091 0.375 0.014]
 [0.06  0.266 0.    0.005 0.013 0.131 0.071 0.045 0.38  0.029]
 [0.131 0.16  0.    0.002 0.052 0.126 0.061 0.086 0.371 0.011]
 [0.133 0.199 0.    0.002 0.043 0.093 0.055 0.08  0.374 0.021]
 [0.135 0.142 0.    0.    0.067 0.114 0.057 0.121 0.349 0.015]
 [0.123 0.194 0.    0.003 0.038 0.098 0.05  0.071 0.405 0.018]
 [0.102 0.183 0.    0.003 0.066 0.18  0.064 0.086 0.299 0.017]
 [0.119 0.189 0.    0.003 0.026 0.1   0.053 0.093 0.395 0.022]
 [0.09  0.252 0.    0.003 0.013 0.047 0.064 0.055 0.453 0.023]
 [0.056 0.24  0.    0.002 0.019 0.141 0.091 0.056 0.363 0.032]]
[2022-12-26 14:14:54,505 INFO] evaluation metric
[2022-12-26 14:14:54,505 INFO] acc: 0.1277
[2022-12-26 14:14:54,506 INFO] precision: 0.1166
[2022-12-26 14:14:54,506 INFO] recall: 0.1277
[2022-12-26 14:14:54,506 INFO] f1: 0.0988
[2022-12-26 14:52:31,657 INFO] confusion matrix
[2022-12-26 14:52:31,658 INFO] [[0.081 0.265 0.047 0.034 0.046 0.022 0.154 0.028 0.147 0.176]
 [0.04  0.367 0.002 0.032 0.097 0.025 0.106 0.032 0.006 0.293]
 [0.064 0.146 0.111 0.082 0.094 0.06  0.104 0.057 0.053 0.229]
 [0.053 0.143 0.049 0.107 0.14  0.045 0.104 0.056 0.033 0.27 ]
 [0.035 0.109 0.11  0.112 0.115 0.071 0.122 0.038 0.035 0.253]
 [0.057 0.116 0.053 0.13  0.181 0.044 0.065 0.074 0.036 0.244]
 [0.037 0.1   0.069 0.124 0.15  0.071 0.066 0.055 0.03  0.298]
 [0.067 0.134 0.033 0.096 0.102 0.039 0.112 0.088 0.032 0.297]
 [0.061 0.34  0.028 0.038 0.036 0.02  0.115 0.041 0.074 0.247]
 [0.02  0.266 0.008 0.025 0.114 0.023 0.13  0.069 0.014 0.331]]
[2022-12-26 14:52:31,659 INFO] evaluation metric
[2022-12-26 14:52:31,659 INFO] acc: 0.1384
[2022-12-26 14:52:31,660 INFO] precision: 0.1420
[2022-12-26 14:52:31,660 INFO] recall: 0.1384
[2022-12-26 14:52:31,660 INFO] f1: 0.1254
[2022-12-26 15:30:08,723 INFO] confusion matrix
[2022-12-26 15:30:08,723 INFO] [[0.126 0.367 0.034 0.03  0.048 0.024 0.016 0.07  0.16  0.125]
 [0.046 0.383 0.003 0.121 0.076 0.017 0.028 0.08  0.013 0.233]
 [0.083 0.171 0.106 0.131 0.039 0.075 0.022 0.144 0.081 0.148]
 [0.078 0.159 0.043 0.238 0.076 0.049 0.027 0.112 0.053 0.165]
 [0.055 0.146 0.136 0.186 0.044 0.102 0.028 0.131 0.042 0.13 ]
 [0.082 0.145 0.047 0.219 0.078 0.082 0.021 0.131 0.051 0.144]
 [0.058 0.087 0.065 0.281 0.043 0.09  0.03  0.152 0.041 0.153]
 [0.075 0.1   0.048 0.192 0.054 0.095 0.018 0.21  0.032 0.176]
 [0.066 0.468 0.023 0.039 0.053 0.015 0.027 0.047 0.117 0.145]
 [0.051 0.366 0.014 0.079 0.06  0.021 0.031 0.083 0.017 0.278]]
[2022-12-26 15:30:08,725 INFO] evaluation metric
[2022-12-26 15:30:08,725 INFO] acc: 0.1614
[2022-12-26 15:30:08,725 INFO] precision: 0.1576
[2022-12-26 15:30:08,726 INFO] recall: 0.1614
[2022-12-26 15:30:08,726 INFO] f1: 0.1456
[2022-12-26 16:07:46,129 INFO] confusion matrix
[2022-12-26 16:07:46,130 INFO] [[0.119 0.07  0.068 0.14  0.152 0.062 0.067 0.01  0.165 0.147]
 [0.091 0.145 0.014 0.148 0.228 0.055 0.044 0.015 0.016 0.244]
 [0.073 0.052 0.203 0.144 0.072 0.081 0.098 0.018 0.126 0.133]
 [0.062 0.052 0.105 0.173 0.106 0.117 0.095 0.02  0.085 0.185]
 [0.039 0.04  0.265 0.134 0.059 0.133 0.117 0.012 0.094 0.107]
 [0.074 0.058 0.099 0.15  0.108 0.116 0.106 0.012 0.089 0.188]
 [0.044 0.042 0.179 0.14  0.06  0.156 0.116 0.014 0.073 0.176]
 [0.095 0.066 0.091 0.144 0.125 0.102 0.07  0.022 0.08  0.205]
 [0.083 0.056 0.087 0.139 0.15  0.084 0.107 0.014 0.109 0.171]
 [0.078 0.13  0.027 0.144 0.201 0.062 0.06  0.011 0.036 0.251]]
[2022-12-26 16:07:46,131 INFO] evaluation metric
[2022-12-26 16:07:46,132 INFO] acc: 0.1313
[2022-12-26 16:07:46,132 INFO] precision: 0.1369
[2022-12-26 16:07:46,132 INFO] recall: 0.1313
[2022-12-26 16:07:46,133 INFO] f1: 0.1263
[2022-12-26 16:45:23,958 INFO] confusion matrix
[2022-12-26 16:45:23,958 INFO] [[0.043 0.181 0.203 0.063 0.078 0.007 0.033 0.145 0.163 0.084]
 [0.088 0.218 0.037 0.104 0.148 0.02  0.09  0.101 0.009 0.185]
 [0.018 0.12  0.263 0.121 0.059 0.022 0.083 0.129 0.095 0.09 ]
 [0.036 0.097 0.145 0.156 0.097 0.026 0.132 0.116 0.067 0.128]
 [0.008 0.068 0.352 0.121 0.06  0.022 0.094 0.123 0.071 0.081]
 [0.02  0.139 0.176 0.13  0.101 0.03  0.11  0.132 0.061 0.101]
 [0.019 0.124 0.192 0.146 0.046 0.018 0.124 0.118 0.04  0.173]
 [0.027 0.141 0.148 0.153 0.119 0.024 0.07  0.13  0.067 0.121]
 [0.031 0.141 0.208 0.067 0.079 0.019 0.056 0.163 0.088 0.148]
 [0.065 0.192 0.065 0.09  0.118 0.021 0.077 0.119 0.027 0.226]]
[2022-12-26 16:45:23,960 INFO] evaluation metric
[2022-12-26 16:45:23,960 INFO] acc: 0.1338
[2022-12-26 16:45:23,960 INFO] precision: 0.1308
[2022-12-26 16:45:23,961 INFO] recall: 0.1338
[2022-12-26 16:45:23,961 INFO] f1: 0.1234
[2022-12-26 17:23:02,530 INFO] confusion matrix
[2022-12-26 17:23:02,531 INFO] [[0.223 0.127 0.132 0.081 0.036 0.022 0.066 0.08  0.121 0.112]
 [0.125 0.119 0.122 0.062 0.066 0.032 0.079 0.094 0.024 0.277]
 [0.135 0.049 0.236 0.09  0.038 0.044 0.189 0.073 0.039 0.107]
 [0.091 0.062 0.188 0.105 0.074 0.064 0.177 0.082 0.033 0.124]
 [0.129 0.034 0.252 0.087 0.058 0.047 0.225 0.058 0.027 0.083]
 [0.088 0.065 0.194 0.091 0.062 0.055 0.175 0.109 0.033 0.128]
 [0.052 0.052 0.156 0.079 0.1   0.078 0.226 0.067 0.015 0.175]
 [0.075 0.066 0.17  0.084 0.084 0.062 0.206 0.091 0.028 0.134]
 [0.195 0.128 0.143 0.068 0.066 0.021 0.078 0.075 0.09  0.136]
 [0.125 0.126 0.107 0.062 0.094 0.05  0.083 0.093 0.019 0.241]]
[2022-12-26 17:23:02,532 INFO] evaluation metric
[2022-12-26 17:23:02,533 INFO] acc: 0.1444
[2022-12-26 17:23:02,533 INFO] precision: 0.1423
[2022-12-26 17:23:02,534 INFO] recall: 0.1444
[2022-12-26 17:23:02,534 INFO] f1: 0.1362
[2022-12-26 18:00:41,141 INFO] confusion matrix
[2022-12-26 18:00:41,142 INFO] [[0.165 0.297 0.032 0.    0.143 0.06  0.014 0.062 0.121 0.106]
 [0.062 0.466 0.009 0.    0.201 0.075 0.005 0.055 0.02  0.107]
 [0.111 0.221 0.068 0.003 0.181 0.096 0.017 0.064 0.152 0.087]
 [0.089 0.263 0.037 0.    0.204 0.119 0.027 0.088 0.075 0.098]
 [0.101 0.184 0.084 0.003 0.179 0.156 0.031 0.065 0.152 0.045]
 [0.097 0.28  0.033 0.001 0.203 0.107 0.024 0.066 0.083 0.106]
 [0.051 0.271 0.051 0.002 0.289 0.137 0.017 0.037 0.07  0.075]
 [0.067 0.322 0.024 0.002 0.232 0.108 0.007 0.068 0.068 0.102]
 [0.116 0.303 0.032 0.002 0.18  0.07  0.009 0.058 0.118 0.112]
 [0.065 0.466 0.004 0.001 0.2   0.068 0.01  0.049 0.025 0.112]]
[2022-12-26 18:00:41,144 INFO] evaluation metric
[2022-12-26 18:00:41,144 INFO] acc: 0.1300
[2022-12-26 18:00:41,144 INFO] precision: 0.1177
[2022-12-26 18:00:41,145 INFO] recall: 0.1300
[2022-12-26 18:00:41,145 INFO] f1: 0.1079
[2022-12-26 18:38:20,742 INFO] confusion matrix
[2022-12-26 18:38:20,743 INFO] [[0.183 0.074 0.083 0.042 0.192 0.031 0.042 0.091 0.257 0.005]
 [0.055 0.094 0.04  0.034 0.54  0.041 0.047 0.12  0.024 0.005]
 [0.08  0.067 0.143 0.026 0.323 0.06  0.06  0.084 0.147 0.01 ]
 [0.07  0.059 0.108 0.025 0.466 0.076 0.045 0.076 0.066 0.009]
 [0.054 0.068 0.2   0.01  0.354 0.081 0.066 0.075 0.083 0.009]
 [0.045 0.066 0.121 0.027 0.43  0.081 0.054 0.105 0.063 0.008]
 [0.021 0.053 0.114 0.012 0.531 0.098 0.04  0.082 0.042 0.007]
 [0.036 0.093 0.089 0.028 0.485 0.063 0.045 0.123 0.031 0.007]
 [0.118 0.057 0.118 0.022 0.262 0.046 0.057 0.095 0.217 0.008]
 [0.058 0.074 0.054 0.04  0.529 0.048 0.043 0.118 0.027 0.009]]
[2022-12-26 18:38:20,744 INFO] evaluation metric
[2022-12-26 18:38:20,745 INFO] acc: 0.1269
[2022-12-26 18:38:20,745 INFO] precision: 0.1382
[2022-12-26 18:38:20,745 INFO] recall: 0.1269
[2022-12-26 18:38:20,746 INFO] f1: 0.1156
[2022-12-26 19:15:59,777 INFO] confusion matrix
[2022-12-26 19:15:59,777 INFO] [[0.311 0.137 0.071 0.052 0.077 0.021 0.016 0.025 0.27  0.02 ]
 [0.134 0.293 0.038 0.098 0.259 0.051 0.009 0.048 0.026 0.044]
 [0.161 0.116 0.118 0.091 0.153 0.089 0.04  0.036 0.17  0.026]
 [0.1   0.192 0.092 0.12  0.208 0.082 0.037 0.059 0.074 0.036]
 [0.091 0.127 0.147 0.1   0.182 0.11  0.077 0.042 0.096 0.028]
 [0.1   0.171 0.107 0.118 0.2   0.078 0.024 0.06  0.086 0.056]
 [0.08  0.111 0.104 0.122 0.292 0.117 0.043 0.042 0.053 0.036]
 [0.103 0.233 0.085 0.15  0.179 0.063 0.015 0.065 0.044 0.063]
 [0.219 0.188 0.121 0.062 0.09  0.03  0.019 0.038 0.19  0.043]
 [0.141 0.267 0.061 0.11  0.189 0.052 0.008 0.079 0.031 0.062]]
[2022-12-26 19:15:59,779 INFO] evaluation metric
[2022-12-26 19:15:59,779 INFO] acc: 0.1462
[2022-12-26 19:15:59,779 INFO] precision: 0.1443
[2022-12-26 19:15:59,780 INFO] recall: 0.1462
[2022-12-26 19:15:59,780 INFO] f1: 0.1350
[2022-12-26 19:15:59,976 INFO] Best acc 0.1614 at epoch 3
[2022-12-26 19:15:59,977 INFO] Training finished.
[2022-12-26 19:32:16,855 INFO] confusion matrix
[2022-12-26 19:32:16,856 INFO] [[0.311 0.137 0.071 0.052 0.077 0.021 0.016 0.025 0.27  0.02 ]
 [0.134 0.293 0.038 0.098 0.259 0.051 0.009 0.048 0.026 0.044]
 [0.161 0.116 0.118 0.091 0.153 0.089 0.04  0.036 0.17  0.026]
 [0.1   0.192 0.092 0.12  0.208 0.082 0.037 0.059 0.074 0.036]
 [0.091 0.127 0.147 0.1   0.182 0.11  0.077 0.042 0.096 0.028]
 [0.1   0.171 0.107 0.118 0.2   0.078 0.024 0.06  0.086 0.056]
 [0.08  0.111 0.104 0.122 0.292 0.117 0.043 0.042 0.053 0.036]
 [0.103 0.233 0.085 0.15  0.179 0.063 0.015 0.065 0.044 0.063]
 [0.219 0.188 0.121 0.062 0.09  0.03  0.019 0.038 0.19  0.043]
 [0.141 0.267 0.061 0.11  0.189 0.052 0.008 0.079 0.031 0.062]]
[2022-12-26 19:32:16,857 INFO] evaluation metric
[2022-12-26 19:32:16,857 INFO] acc: 0.1462
[2022-12-26 19:32:16,857 INFO] precision: 0.1443
[2022-12-26 19:32:16,858 INFO] recall: 0.1462
[2022-12-26 19:32:16,858 INFO] f1: 0.1350
