[2022-12-27 04:05:16,451 INFO] confusion matrix
[2022-12-27 04:05:16,451 INFO] [[0.474 0.095 0.    0.305 0.038 0.    0.01  0.    0.078 0.   ]
 [0.17  0.303 0.    0.5   0.006 0.    0.015 0.    0.006 0.   ]
 [0.083 0.049 0.    0.63  0.065 0.    0.165 0.    0.008 0.   ]
 [0.029 0.045 0.    0.807 0.032 0.    0.087 0.    0.    0.   ]
 [0.07  0.022 0.    0.504 0.088 0.    0.312 0.    0.004 0.   ]
 [0.032 0.043 0.    0.834 0.024 0.    0.067 0.    0.    0.   ]
 [0.022 0.015 0.    0.563 0.033 0.    0.367 0.    0.    0.   ]
 [0.033 0.07  0.    0.829 0.017 0.    0.05  0.    0.001 0.   ]
 [0.465 0.15  0.    0.291 0.017 0.    0.004 0.    0.073 0.   ]
 [0.183 0.232 0.    0.561 0.007 0.    0.01  0.    0.007 0.   ]]
[2022-12-27 04:05:16,453 INFO] evaluation metric
[2022-12-27 04:05:16,453 INFO] acc: 0.2112
[2022-12-27 04:05:16,453 INFO] precision: 0.1757
[2022-12-27 04:05:16,454 INFO] recall: 0.2112
[2022-12-27 04:05:16,454 INFO] f1: 0.1514
[2022-12-27 04:19:59,986 INFO] confusion matrix
[2022-12-27 04:19:59,987 INFO] [[0.189 0.263 0.036 0.066 0.039 0.08  0.026 0.02  0.234 0.047]
 [0.034 0.642 0.001 0.017 0.004 0.149 0.027 0.025 0.039 0.062]
 [0.027 0.108 0.029 0.141 0.122 0.189 0.241 0.061 0.058 0.024]
 [0.012 0.093 0.012 0.222 0.039 0.356 0.122 0.108 0.005 0.031]
 [0.024 0.055 0.011 0.126 0.14  0.122 0.415 0.066 0.03  0.011]
 [0.018 0.097 0.014 0.22  0.033 0.342 0.118 0.109 0.012 0.037]
 [0.008 0.037 0.004 0.1   0.05  0.099 0.539 0.116 0.013 0.034]
 [0.015 0.117 0.011 0.146 0.031 0.358 0.11  0.151 0.016 0.045]
 [0.09  0.368 0.023 0.031 0.015 0.077 0.018 0.015 0.281 0.082]
 [0.053 0.491 0.005 0.025 0.008 0.193 0.02  0.039 0.064 0.102]]
[2022-12-27 04:19:59,988 INFO] evaluation metric
[2022-12-27 04:19:59,988 INFO] acc: 0.2637
[2022-12-27 04:19:59,989 INFO] precision: 0.2682
[2022-12-27 04:19:59,989 INFO] recall: 0.2637
[2022-12-27 04:19:59,989 INFO] f1: 0.2377
[2022-12-27 04:34:43,786 INFO] confusion matrix
[2022-12-27 04:34:43,787 INFO] [[0.285 0.103 0.131 0.025 0.02  0.007 0.009 0.079 0.065 0.276]
 [0.04  0.334 0.04  0.018 0.003 0.008 0.009 0.074 0.017 0.457]
 [0.059 0.111 0.195 0.043 0.107 0.031 0.111 0.208 0.015 0.12 ]
 [0.009 0.158 0.083 0.216 0.044 0.073 0.077 0.206 0.007 0.127]
 [0.053 0.068 0.092 0.052 0.226 0.018 0.19  0.231 0.008 0.062]
 [0.025 0.123 0.101 0.16  0.04  0.108 0.048 0.282 0.003 0.11 ]
 [0.032 0.064 0.077 0.093 0.073 0.024 0.397 0.159 0.004 0.077]
 [0.036 0.078 0.068 0.055 0.032 0.043 0.06  0.491 0.004 0.133]
 [0.201 0.131 0.058 0.014 0.013 0.004 0.016 0.05  0.161 0.352]
 [0.047 0.149 0.026 0.029 0.004 0.003 0.012 0.077 0.02  0.633]]
[2022-12-27 04:34:43,788 INFO] evaluation metric
[2022-12-27 04:34:43,789 INFO] acc: 0.3046
[2022-12-27 04:34:43,789 INFO] precision: 0.3377
[2022-12-27 04:34:43,789 INFO] recall: 0.3046
[2022-12-27 04:34:43,790 INFO] f1: 0.2902
[2022-12-27 04:49:24,964 INFO] confusion matrix
[2022-12-27 04:49:24,964 INFO] [[0.378 0.135 0.02  0.096 0.009 0.018 0.012 0.09  0.121 0.121]
 [0.063 0.443 0.007 0.042 0.004 0.02  0.007 0.057 0.031 0.326]
 [0.128 0.12  0.069 0.154 0.063 0.102 0.121 0.143 0.025 0.075]
 [0.055 0.101 0.015 0.403 0.017 0.13  0.069 0.102 0.018 0.09 ]
 [0.072 0.054 0.032 0.149 0.214 0.073 0.169 0.188 0.018 0.031]
 [0.067 0.105 0.017 0.318 0.042 0.179 0.044 0.14  0.022 0.066]
 [0.05  0.052 0.032 0.213 0.074 0.062 0.401 0.061 0.009 0.046]
 [0.06  0.096 0.022 0.111 0.031 0.057 0.031 0.488 0.01  0.094]
 [0.2   0.186 0.007 0.078 0.008 0.022 0.007 0.08  0.248 0.164]
 [0.065 0.221 0.005 0.046 0.008 0.006 0.012 0.109 0.036 0.492]]
[2022-12-27 04:49:24,966 INFO] evaluation metric
[2022-12-27 04:49:24,966 INFO] acc: 0.3315
[2022-12-27 04:49:24,967 INFO] precision: 0.3485
[2022-12-27 04:49:24,967 INFO] recall: 0.3315
[2022-12-27 04:49:24,967 INFO] f1: 0.3174
[2022-12-27 05:04:08,224 INFO] confusion matrix
[2022-12-27 05:04:08,225 INFO] [[0.328 0.096 0.065 0.079 0.03  0.034 0.003 0.055 0.168 0.142]
 [0.077 0.348 0.038 0.032 0.009 0.039 0.004 0.058 0.07  0.325]
 [0.106 0.069 0.222 0.095 0.124 0.114 0.04  0.121 0.05  0.059]
 [0.034 0.069 0.09  0.289 0.045 0.226 0.027 0.08  0.034 0.106]
 [0.052 0.029 0.11  0.075 0.339 0.095 0.066 0.151 0.041 0.042]
 [0.042 0.073 0.1   0.195 0.056 0.307 0.013 0.115 0.034 0.065]
 [0.045 0.035 0.102 0.186 0.162 0.091 0.22  0.079 0.031 0.049]
 [0.042 0.052 0.069 0.075 0.081 0.121 0.004 0.412 0.027 0.117]
 [0.182 0.106 0.018 0.041 0.018 0.036 0.006 0.034 0.383 0.176]
 [0.069 0.148 0.034 0.037 0.013 0.024 0.003 0.063 0.089 0.52 ]]
[2022-12-27 05:04:08,226 INFO] evaluation metric
[2022-12-27 05:04:08,226 INFO] acc: 0.3368
[2022-12-27 05:04:08,227 INFO] precision: 0.3528
[2022-12-27 05:04:08,227 INFO] recall: 0.3368
[2022-12-27 05:04:08,227 INFO] f1: 0.3341
[2022-12-27 05:18:51,913 INFO] confusion matrix
[2022-12-27 05:18:51,913 INFO] [[0.401 0.115 0.062 0.08  0.011 0.025 0.01  0.047 0.127 0.122]
 [0.13  0.354 0.023 0.045 0.002 0.041 0.007 0.05  0.042 0.306]
 [0.127 0.087 0.16  0.153 0.056 0.138 0.084 0.094 0.042 0.059]
 [0.062 0.1   0.056 0.389 0.018 0.171 0.065 0.058 0.021 0.06 ]
 [0.117 0.04  0.083 0.157 0.165 0.087 0.155 0.13  0.032 0.034]
 [0.08  0.114 0.056 0.287 0.036 0.223 0.038 0.111 0.024 0.031]
 [0.058 0.044 0.065 0.208 0.044 0.079 0.383 0.052 0.019 0.048]
 [0.061 0.088 0.075 0.111 0.034 0.093 0.026 0.42  0.019 0.073]
 [0.241 0.13  0.04  0.046 0.004 0.03  0.007 0.034 0.321 0.147]
 [0.086 0.192 0.027 0.047 0.003 0.024 0.014 0.061 0.072 0.474]]
[2022-12-27 05:18:51,915 INFO] evaluation metric
[2022-12-27 05:18:51,915 INFO] acc: 0.3290
[2022-12-27 05:18:51,915 INFO] precision: 0.3443
[2022-12-27 05:18:51,916 INFO] recall: 0.3290
[2022-12-27 05:18:51,916 INFO] f1: 0.3241
[2022-12-27 05:33:35,736 INFO] confusion matrix
[2022-12-27 05:33:35,737 INFO] [[0.563 0.046 0.063 0.049 0.013 0.019 0.01  0.049 0.051 0.137]
 [0.173 0.319 0.061 0.042 0.006 0.018 0.008 0.065 0.015 0.293]
 [0.218 0.054 0.214 0.098 0.058 0.091 0.089 0.109 0.011 0.058]
 [0.136 0.072 0.086 0.332 0.019 0.154 0.049 0.084 0.01  0.058]
 [0.19  0.022 0.105 0.084 0.159 0.076 0.147 0.175 0.008 0.034]
 [0.141 0.092 0.09  0.258 0.039 0.172 0.03  0.121 0.012 0.045]
 [0.121 0.044 0.076 0.146 0.043 0.073 0.398 0.058 0.005 0.036]
 [0.097 0.051 0.083 0.079 0.028 0.08  0.022 0.48  0.005 0.075]
 [0.311 0.072 0.041 0.048 0.006 0.017 0.006 0.044 0.202 0.253]
 [0.146 0.174 0.026 0.037 0.003 0.008 0.01  0.078 0.019 0.499]]
[2022-12-27 05:33:35,738 INFO] evaluation metric
[2022-12-27 05:33:35,739 INFO] acc: 0.3338
[2022-12-27 05:33:35,739 INFO] precision: 0.3641
[2022-12-27 05:33:35,739 INFO] recall: 0.3338
[2022-12-27 05:33:35,740 INFO] f1: 0.3239
[2022-12-27 05:48:19,828 INFO] confusion matrix
[2022-12-27 05:48:19,829 INFO] [[0.347 0.136 0.038 0.046 0.042 0.02  0.012 0.012 0.187 0.16 ]
 [0.082 0.529 0.008 0.025 0.011 0.012 0.008 0.005 0.04  0.28 ]
 [0.151 0.137 0.109 0.1   0.126 0.101 0.086 0.035 0.061 0.094]
 [0.054 0.159 0.031 0.295 0.055 0.159 0.063 0.025 0.029 0.13 ]
 [0.088 0.07  0.051 0.084 0.354 0.067 0.114 0.056 0.048 0.068]
 [0.077 0.162 0.037 0.214 0.081 0.212 0.038 0.058 0.033 0.088]
 [0.058 0.073 0.047 0.139 0.138 0.062 0.346 0.012 0.026 0.099]
 [0.077 0.136 0.033 0.112 0.088 0.091 0.028 0.251 0.022 0.162]
 [0.17  0.165 0.012 0.029 0.027 0.021 0.009 0.002 0.395 0.17 ]
 [0.065 0.282 0.005 0.033 0.01  0.011 0.008 0.014 0.077 0.495]]
[2022-12-27 05:48:19,830 INFO] evaluation metric
[2022-12-27 05:48:19,831 INFO] acc: 0.3333
[2022-12-27 05:48:19,831 INFO] precision: 0.3545
[2022-12-27 05:48:19,831 INFO] recall: 0.3333
[2022-12-27 05:48:19,831 INFO] f1: 0.3260
[2022-12-27 06:03:04,493 INFO] confusion matrix
[2022-12-27 06:03:04,494 INFO] [[0.381 0.082 0.048 0.067 0.011 0.024 0.011 0.05  0.192 0.134]
 [0.104 0.414 0.021 0.052 0.005 0.031 0.01  0.042 0.033 0.288]
 [0.112 0.096 0.193 0.132 0.069 0.117 0.087 0.085 0.056 0.053]
 [0.057 0.098 0.046 0.327 0.023 0.204 0.06  0.071 0.022 0.092]
 [0.086 0.047 0.088 0.137 0.205 0.088 0.138 0.146 0.035 0.03 ]
 [0.065 0.101 0.05  0.288 0.027 0.244 0.035 0.104 0.032 0.054]
 [0.043 0.036 0.091 0.218 0.059 0.084 0.356 0.04  0.026 0.047]
 [0.072 0.074 0.029 0.126 0.037 0.116 0.028 0.42  0.02  0.078]
 [0.21  0.103 0.018 0.046 0.004 0.03  0.01  0.033 0.393 0.153]
 [0.094 0.189 0.01  0.048 0.005 0.016 0.011 0.058 0.065 0.504]]
[2022-12-27 06:03:04,495 INFO] evaluation metric
[2022-12-27 06:03:04,496 INFO] acc: 0.3437
[2022-12-27 06:03:04,496 INFO] precision: 0.3592
[2022-12-27 06:03:04,496 INFO] recall: 0.3437
[2022-12-27 06:03:04,497 INFO] f1: 0.3407
[2022-12-27 06:17:48,525 INFO] confusion matrix
[2022-12-27 06:17:48,525 INFO] [[0.35  0.081 0.02  0.131 0.032 0.024 0.009 0.028 0.165 0.16 ]
 [0.111 0.401 0.01  0.077 0.005 0.02  0.008 0.041 0.031 0.296]
 [0.129 0.081 0.091 0.208 0.106 0.144 0.06  0.073 0.035 0.073]
 [0.053 0.079 0.015 0.455 0.04  0.159 0.038 0.051 0.022 0.088]
 [0.083 0.032 0.027 0.184 0.316 0.085 0.085 0.116 0.034 0.038]
 [0.069 0.09  0.018 0.36  0.051 0.219 0.02  0.087 0.025 0.061]
 [0.053 0.033 0.023 0.309 0.11  0.072 0.29  0.041 0.013 0.056]
 [0.062 0.054 0.024 0.147 0.07  0.113 0.016 0.389 0.014 0.111]
 [0.184 0.097 0.004 0.078 0.021 0.027 0.008 0.017 0.376 0.188]
 [0.083 0.183 0.004 0.062 0.008 0.013 0.009 0.049 0.057 0.532]]
[2022-12-27 06:17:48,527 INFO] evaluation metric
[2022-12-27 06:17:48,527 INFO] acc: 0.3419
[2022-12-27 06:17:48,527 INFO] precision: 0.3719
[2022-12-27 06:17:48,528 INFO] recall: 0.3419
[2022-12-27 06:17:48,528 INFO] f1: 0.3360
[2022-12-27 06:17:48,716 INFO] Best acc 0.3437 at epoch 8
[2022-12-27 06:17:48,718 INFO] Training finished.
[2022-12-27 06:25:57,486 INFO] confusion matrix
[2022-12-27 06:25:57,487 INFO] [[0.35  0.081 0.02  0.131 0.032 0.024 0.009 0.028 0.165 0.16 ]
 [0.111 0.401 0.01  0.077 0.005 0.02  0.008 0.041 0.031 0.296]
 [0.129 0.081 0.091 0.208 0.106 0.144 0.06  0.073 0.035 0.073]
 [0.053 0.079 0.015 0.455 0.04  0.159 0.038 0.051 0.022 0.088]
 [0.083 0.032 0.027 0.184 0.316 0.085 0.085 0.116 0.034 0.038]
 [0.069 0.09  0.018 0.36  0.051 0.219 0.02  0.087 0.025 0.061]
 [0.053 0.033 0.023 0.309 0.11  0.072 0.29  0.041 0.013 0.056]
 [0.062 0.054 0.024 0.147 0.07  0.113 0.016 0.389 0.014 0.111]
 [0.184 0.097 0.004 0.078 0.021 0.027 0.008 0.017 0.376 0.188]
 [0.083 0.183 0.004 0.062 0.008 0.013 0.009 0.049 0.057 0.532]]
[2022-12-27 06:25:57,488 INFO] evaluation metric
[2022-12-27 06:25:57,489 INFO] acc: 0.3419
[2022-12-27 06:25:57,489 INFO] precision: 0.3719
[2022-12-27 06:25:57,490 INFO] recall: 0.3419
[2022-12-27 06:25:57,490 INFO] f1: 0.3360
